24122
14190
3771
22793
24244
24674
8695
19783
28507
137
31856
31060
29714
9735
1609
11534
9295
30030
12732
13086
31785
9701
5319
21463
17331
15463
19233
32608
8329
9678
13427
25366
26024
6129
25285
28204
5507
23372
19766
2452
19027
25088
6897
1827
30894
20506
6748
3056
16475
22808
14483
31229
16229
5802
3348
7449
7022
15541
19900
7940
13638
20125
16114
1749
15036
14788
29730
18329
2740
31054
29805
8765
8058
10024
6046
24238
29526
7752
12128
8254
4961
4662
20655
22858
21654
16331
20877
8729
24364
6968
20214
30472
1060
8011
20245
8676
4382
8686
21432
21144
5744
20977
28930
11016
21369
16905
15455
16956
15667
9496
10173
25281
21256
8110
7418
2124
13799
21200
28056
24737
13718
1017
27320
21427
18506
1631
14662
22285
8309
18807
13937
4208
21727
12475
94
3006
20216
6315
30493
2070
29549
11538
18908
8257
14585
29834
25690
21069
8574
13634
20639
10871
18772
5887
24811
5455
224
9825
13804
7446
9321
7528
30003
5739
9768
5430
17385
39
32414
1303
22974
6789
30507
12990
16419
31110
731
30674
4537
5779
6531
169
19977
9572
18701
26707
5493
12322
28944
21978
24942
16072
23716
32456
3304
3535
11892
13034
16651
6154
21268
21844
6700
30671
28053
26277
6395
25431
29271
1164
13310
18535
25631
651
7486
19248
26473
32763
4160
11381
8192
8017
15414
23275
3275
17055
7799
13285
21994
29022
24877
14128
16642
19306
4685
12860
16340
11598
18125
9853
19733
27074
32273
28433
2937
15474
22950
27043
23314
23041
32050
9871
22744
16718
10923
25671
31881
12790
28360
23029
18611
27674
29109
5474
16654
7522
16395
28694
6928
8001
8191
24513
23740
27259
18138
9689
23995
25573
681
8837
24237
26220
11317
20154
10945
11865
30005
8611
30595
2516
26307
25927
30454
29350
9229
15974
20451
30019
17741
27555
28784
2311
24315
32745
28404
15808
2368
7175
27914
25197
31663
27549
12517
2373
4400
26940
26851
3323
18492
11721
19812
31553
4944
20258
5340
2187
3483
4612
28199
28949
26618
29485
29981
27431
8743
19389
21863
3736
25646
5346
3985
21905
3104
3764
5215
6803
17418
20062
10853
14267
13352
30591
20946
11077
9559
9424
6797
25936
10185
17414
8323
8928
4604
26874
8767
31273
27629
23559
26043
31755
6793
26547
24437
3801
24420
10642
20422
26206
173
27240
19055
15650
11618
16782
23669
13033
29120
1943
17456
29821
20478
23602
28574
4269
20794
17234
13565
7830
8884
7565
31128
6433
4922
32706
15073
5069
1251
11775
11712
11439
9984
15778
26667
24503
3152
8894
18679
7988
29043
11456
4589
21914
18337
13906
26657
13443
22428
3199
11903
29941
4323
20760
28327
27875
22825
23639
17403
7670
28677
25027
31989
8589
15083
23635
26303
5634
3419
1494
30461
28975
16728
23954
18413
23600
13340
556
6835
31851
31498
25288
21486
19918
25828
2928
9871
29272
6974
4282
24811
6875
30771
24229
4111
27904
25686
28357
27987
2699
20715
10656
18994
7648
8792
30551
28248
4038
7894
17289
7165
19052
13676
30836
11890
11690
12574
13661
1785
6280
11362
17458
15322
11268
22739
4719
15795
11024
28457
12606
26384
7131
23401
8418
10811
3665
31065
27477
20822
11237
30007
21040
1190
29838
9386
5068
2866
19727
27641
2983
31117
17020
891
12809
17136
9978
12623
16103
24715
27590
19276
29703
797
23673
5435
21093
707
8074
20292
16086
269
8212
2215
23019
29015
17625
2733
3864
31575
6280
28637
7957
27634
18235
15218
10629
10324
5444
1293
31190
22335
13097
3240
7016
13475
4845
19147
30961
17264
8849
20738
2848
20904
4059
3726
23168
696
31062
19803
22688
21512
12442
31538
21617
20433
29133
4912
3567
25135
13418
15223
11523
1143
31041
27427
8104
13002
14784
11392
9038
24554
23664
20346
32123
23373
21186
8276
10168
23920
17420
30365
29355
11886
27087
12384
25729
6865
315
28060
22159
10920
30197
8179
5688
20186
10775
17062
3345
30905
32633
20161
13379
20442
1583
16275
22321
31269
29778
15201
26971
10792
19204
13404
29570
26544
19630
5583
23566
18075
10380
20893
3756
32744
32620
25067
18235
8464
9650
4890
1001
17817
18080
10744
25241
3816
19668
14903
28041
20055
13330
16670
6961
5511
10308
22654
1390
8440
5567
5608
7135
20694
3784
27165
21903
9238
10839
5318
9685
27074
16411
101
14457
7313
9661
6796
14616
7355
20841
31821
10698
15371
1419
30449
3329
20534
27094
22764
26293
16235
13707
32529
22718
15147
20216
1539
24193
7515
1087
12268
27598
7064
16728
21105
29449
17610
26457
24805
5768
31996
10485
26300
2365
27499
4163
1603
25237
3804
4545
20367
27039
27699
20633
947
7025
2882
30755
6199
28872
13791
20138
3781
9966
11577
25971
29988
4065
18796
2555
8555
11697
14162
23681
32366
7466
18588
12228
31869
5043
2594
5646
31310
29814
5240
16241
14903
16577
19138
3409
14240
26540
31689
32547
28857
14589
6478
23667
30824
32584
31134
16428
25734
1371
22374
26900
27722
2777
969
29590
19205
27684
32432
24772
15120
384
26977
3740
7427
31094
1876
1418
7976
12919
16705
16175
31024
22466
24190
19041
4132
17800
26760
28787
5790
30797
27872
16310
32056
2961
4376
7999
18245
2992
11565
20459
6079
7943
24599
32417
2689
19032
21151
19415
11702
21615
7281
27736
12178
3334
32626
18244
5184
31463
27987
13656
2075
13648
2919
17775
8736
27803
10417
10825
10915
26142
23106
13708
14914
28497
12738
1032
17688
3118
16972
16191
26163
25822
26495
6181
32583
13969
721
24356
163
19374
8999
23907
28005
16172
19107
21320
28650
3903
18109
16444
4745
17208
20118
22446
28801
10406
23432
18266
29487
27586
28674
13003
28549
3850
16531
2078
14263
1579
29508
4618
30007
30756
26923
27421
24292
27817
17981
13896
8063
26821
11108
16542
94
16068
22226
28761
11364
5456
7828
9502
7984
27098
31082
28034
5269
4668
2518
13772
3146
412
24435
21500
13795
21651
25224
5389
22784
26766
7645
12152
3525
629
23245
16121
22922
18571
17309
11669
979
5014
12
11740
14210
23359
43
10860
17483
16827
26991
20150
5225
683
23045
3333
10895
18753
30309
17852
15394
12709
29994
29662
15269
31127
7457
724
26485
9301
27040
12651
12470
5567
18713
9757
3725
26809
10734
6289
4495
1233
18823
13413
19322
14114
31139
6442
24355
21111
20459
7088
19632
6836
29645
11396
19975
32626
32391
1976
22407
27114
8578
4578
4341
8724
1762
1639
23225
3856
8283
23290
13130
22212
22598
31839
4327
8391
22772
18549
904
125
24130
26995
13076
19076
17773
30322
3540
22863
20264
32044
15144
1297
18412
22787
9848
21213
2704
31557
13934
7947
4377
2222
1122
18141
2003
28718
10262
5475
5793
24301
27556
30619
21649
13709
31668
15325
6579
25263
26610
24694
9004
18104
1984
13716
15750
1237
5927
22114
26954
25916
8212
15731
11729
11445
961
30820
3671
3417
14449
16061
21841
5274
3936
28697
10752
14980
5882
15751
9287
30275
27979
559
21178
31716
5815
3897
26359
1888
11499
28394
31801
22742
31251
25360
11306
17944
21581
8865
26105
1385
19806
6815
15277
5509
2725
13886
6585
26338
22861
29257
7376
10806
21190
16322
31226
26681
9589
31177
11496
18092
21930
29374
24708
7834
2771
23722
17869
18398
15600
4315
19682
15845
22087
31439
29788
437
7513
10836
8929
23854
31508
20716
16119
27536
29002
11894
30997
2878
21858
12555
31744
7362
9038
19495
30549
13072
31933
19209
14433
6415
10385
8796
17721
20565
9875
1302
11783
27954
11109
16545
2211
29681
6329
9273
19043
7002
17857
30613
29747
6268
11238
17609
17640
22441
19389
31083
26065
18113
24119
8948
17807
5300
9752
19050
5415
2626
30122
13116
6998
24581
15538
366
21029
13746
12963
2805
700
3740
28946
22629
21371
30585
4714
6345
31815
14697
10465
3282
5410
15924
8618
11573
13055
2515
26732
4174
18132
27955
24308
21257
29424
22069
32039
2306
19087
24825
11578
30699
12204
3676
14373
8751
17174
17343
22100
25812
6854
30731
14496
11430
12912
12785
7551
1682
19032
15223
18039
3920
10343
11952
25049
1605
28542
16330
15531
1959
266
26703
20710
12770
7385
22436
994
14906
13100
19670
10510
13490
7437
15765
7396
4909
12002
28289
3100
8148
22851
24741
15136
30391
19465
14401
25025
17079
20391
205
28456
16803
18622
29242
18959
21409
6635
7035
24881
6608
22500
5700
8190
26667
963
10258
7060
3761
16289
29803
3051
15811
12647
9319
25935
2509
2017
10095
9748
21032
22036
28997
11397
3903
14546
22852
10525
19441
31371
32490
250
20023
10598
22419
13454
13063
21392
18823
7832
376
24020
30775
8018
31014
10349
9668
2028
8152
30232
19905
23098
21088
18797
23866
12458
23747
11374
11253
25208
23962
5729
6903
14373
30904
25563
31818
17445
7437
5406
10238
13272
25034
18084
25198
11451
16070
6140
30661
2528
9249
29909
12480
3483
13607
29785
1205
23423
10871
17084
11476
20104
8036
18708
31917
32666
20123
1899
9202
4138
518
21778
15742
3387
14833
31545
20375
32397
20332
23997
8560
30225
5616
9793
2546
13215
16453
9600
7100
12523
3234
24289
21097
10678
31767
29261
9489
29761
6440
22589
8722
15879
4539
9239
30736
171
10292
16570
4154
17200
16350
23383
7631
31592
2189
28804
18145
9135
3457
12171
19034
22745
11150
10248
18236
5224
12922
30131
2349
22274
13735
24186
32306
22307
20465
5843
14779
2064
24282
8272
10464
3340
30949
30323
23530
27853
9023
32197
2325
6449
2724
26914
11412
7982
17281
2391
27094
4871
21846
15087
4616
3270
5471
26185
29659
18662
5235
17902
22663
16720
9260
26402
21008
21129
14152
6329
16071
16681
8527
15404
9749
13199
31094
11500
21108
29651
9412
12790
19646
3580
19315
11688
7338
7795
15769
32723
29331
25784
2824
19985
7804
28244
21106
9817
30802
28175
3025
12240
7536
4962
20997
24034
10089
30255
28607
22930
16385
27312
13215
5390
13948
20910
20377
15751
31260
14579
18333
32575
7653
24577
13175
20452
18851
29956
22516
13084
15406
7686
23366
11617
17133
8802
6313
22799
19097
18555
22343
20923
27971
15277
26713
27079
8601
3716
28816
24115
28517
11564
24755
31926
19798
21545
24969
28686
3075
24392
14073
9876
29229
1238
24176
1811
28228
20751
27779
26586
301
30169
28118
31760
17987
17075
20284
11080
15516
22760
4383
1877
13709
28680
18979
21600
3184
16024
15622
22328
2980
23305
1483
24040
8918
10471
8727
13967
21119
9811
22747
2156
28846
11699
17715
17209
11016
32680
2190
6330
27149
10561
26640
13461
31133
6766
22836
9828
6842
183
16822
12809
25231
14893
28336
31297
2737
29857
1795
14717
5798
19733
31992
31981
29348
880
17191
5597
28570
5750
18584
13636
16501
23542
41
26010
23708
26949
30511
22251
27580
24556
16224
12586
7883
29342
12273
24775
6727
13933
16891
4483
21951
5181
3107
19332
5269
28280
8570
26276
23554
20227
22434
18447
2650
12657
14387
7693
29586
15735
8540
3612
9983
1440
22990
2370
16992
7746
7125
15009
30239
8369
23496
17484
7892
28338
19876
15961
6155
18995
28148
11320
11335
5433
4596
23619
17991
19993
17141
26005
18311
7147
26883
14368
10250
32572
2246
29434
17239
31491
6310
29944
30402
18902
12594
23422
29932
29534
7363
25493
29325
22025
2652
24894
4209
30974
26581
16647
9921
14934
10041
18395
21892
11657
29548
1310
32357
15910
6161
11002
2999
27336
8362
16627
10422
11333
29441
25794
20240
23848
26824
3424
19876
13666
11388
1121
11401
11836
23951
2435
4690
25232
16325
21639
3728
16185
31199
26943
28057
6088
10103
29161
31112
29560
16939
5051
19589
9829
9725
29119
6215
2808
13562
20961
1750
28582
24090
6215
6294
3290
2920
3296
9089
5935
15202
8000
22452
16867
18851
7339
27949
17801
10943
3183
24275
16125
8047
9847
22198
31389
8942
6174
12185
32694
6306
2881
12206
28733
31999
9112
24736
4288
7593
26182
10454
3227
7384
16302
2551
19055
17409
7049
10409
25808
27059
17205
415
6974
28351
30288
28626
20311
5787
29062
26638
25162
16136
22439
3505
1679
15091
12541
1200
22998
21657
29916
9434
23357
15087
20858
29281
4549
24129
9729
32662
30471
25
25315
7156
31267
31330
17518
29792
12026
461
7072
2223
32157
26484
6460
6761
26116
7614
20253
30924
11268
1154
23499
19988
32635
16495
29772
20986
29902
8619
16445
1403
24981
23994
15393
23514
29076
8354
5624
29928
2030
14668
14356
19587
16533
25902
30248
861
9733
32551
4258
9471
28466
5546
570
3853
22974
11295
19403
24011
29808
11142
12898
480
28130
18014
9109
25434
15225
21445
13335
13811
11418
26080
27785
25234
15899
8061
22674
10773
16888
3319
3121
25934
12104
1114
4946
1611
11887
20680
32672
16091
13716
11548
2203
28749
18774
20940
29162
18555
13754
6676
11250
12296
21352
1105
25255
28133
11544
4523
28322
9242
6471
18678
23669
2499
7214
24794
32315
1624
9716
21810
15219
4658
291
27571
4878
75
1369
27598
966
5446
25152
3543
20146
4015
5823
25958
18455
1411
26738
19198
10882
15091
28504
2284
8211
22117
2508
20338
30236
5564
19639
13349
12011
26841
17411
16532
26083
5473
5971
21546
14802
18369
26353
23894
12670
13680
29959
11752
20097
13428
28435
28351
16983
27688
27541
30369
31158
828
28682
2154
29213
28413
4894
15465
3504
18391
3870
6407
22851
18200
22700
7849
30901
20982
3510
19160
11647
13780
20649
22176
11148
31169
25569
13365
12364
26946
6501
4061
4100
15441
27345
22537
11624
165
19859
4293
3947
10292
5978
30291
2390
24823
1740
13075
10519
6637
17528
11431
24540
22882
28683
11347
6369
18545
3526
26282
12934
6088
26671
9831
3493
8619
14855
7833
10018
27964
13437
10243
28612
30457
13729
28098
22083
25222
17179
19760
14242
31149
7453
27913
10686
7331
32150
20428
21544
1932
22441
25956
19248
4418
11101
24584
8514
18258
16790
20576
8822
2888
25668
19689
28258
5421
26330
10394
25651
32589
4866
31944
5372
16190
19854
2631
12365
12317
1970
13778
7944
4635
20593
9132
16496
9016
6742
13960
32131
13647
2404
30119
9866
25939
23887
7744
20206
22488
19437
25636
6989
7893
24551
9634
13773
11432
12212
5800
23728
30810
200
10028
16169
14117
11016
10442
7278
20275
20610
30639
22799
26537
15707
10933
32390
14820
1032
3791
22799
2050
10689
29096
10170
23717
30515
32647
4798
30707
16758
14454
23568
3554
16190
16547
32308
14770
15957
4102
11604
19131
19785
17732
28303
20072
11618
8148
14739
31620
8406
25952
22638
25268
26944
13934
31137
2117
2639
5695
10358
19240
9403
10743
8084
15675
32126
29439
10705
20683
1344
2216
1351
32598
29715
5393
31914
19861
19808
6474
10969
20665
24609
15545
7346
6390
5969
11197
17707
9534
11937
18834
30622
17487
8045
14709
23653
1775
23022
776
5031
10102
7857
22007
31345
2702
3144
12508
17929
15671
13631
28512
27007
5134
21074
931
31108
20430
25820
24287
639
27415
23955
19784
1246
30062
7027
18742
2986
8070
22264
2437
4447
23741
19856
20284
9978
15850
16720
13934
4435
26966
8422
3678
20653
21512
27599
31974
18060
8262
9930
28954
28103
17752
29836
10536
22749
25743
9909
20355
27276
28550
23299
29504
31904
936
30917
24512
26890
7922
8851
6031
10545
4602
28733
30348
32653
21297
1281
16202
24433
5989
22017
6071
1832
21386
13556
14587
68
3001
29467
22179
31283
4985
12406
255
13075
9022
11065
1736
25287
26415
9082
6662
23627
27436
10028
15409
22852
2064
23120
13719
9180
13875
3946
7165
4812
26932
17458
11401
3002
22773
22157
31968
32710
23526
1467
18315
5728
13959
5074
22431
31324
1064
7019
22429
32072
7411
28059
1943
1277
7469
3109
7828
30580
29113
5101
23350
6363
3550
11184
1946
4072
11850
19187
29824
1134
19798
27961
12204
3118
11403
1401
31116
23023
5989
17871
15898
25297
17240
3954
5380
28126
28945
7910
3338
16866
13054
18547
18088
25980
32016
22741
8694
9590
25024
28213
972
21842
8272
23896
30249
32293
26707
30487
10198
28585
30319
16911
3910
26509
28258
31897
13505
17167
5699
31485
26562
28365
22282
13794
25501
2264
9811
7433
10084
26891
15711
571
1292
923
16732
12416
11212
23022
16614
914
12742
28081
10957
5009
24809
27173
8729
18680
19222
30649
21323
27856
27009
28126
12006
2340
19291
22295
11566
11700
6062
31567
32560
27885
26248
25712
20738
9497
13659
4401
332
27092
31396
18992
29191
8639
7371
19776
22149
11384
20554
17156
8882
9417
8466
12989
32665
4895
11050
26720
26922
9278
18074
236
22842
14388
10887
4346
9163
23947
19359
6549
26766
3267
31160
16205
15782
14336
179
30599
30639
767
20647
8215
13055
14158
28988
13585
555
18621
17492
6363
26061
32272
23537
8839
29061
4598
26451
26208
16958
24639
31584
27843
10675
29513
14921
19249
13105
1467
7787
21409
26014
19574
27763
19995
26298
7369
4294
28802
25509
17124
27680
2226
25250
7312
21370
3275
25114
19485
18226
1483
26852
6043
9574
2147
27587
18509
23456
12291
11312
7770
23481
20536
29786
11462
22519
20535
21612
12705
2681
25786
17678
15998
3029
7178
21294
17703
31999
28765
14592
23695
2157
21603
2115
21000
32376
28188
18887
23222
4358
29676
13868
31044
29286
24561
27628
27605
23419
28052
18076
13886
15645
5470
15214
7282
8380
31502
24315
8509
31814
488
30783
23862
32075
31567
17637
16879
3936
9110
21189
7534
8641
24852
4780
29153
28730
31094
2139
30093
21319
12633
15314
20232
23418
2585
20430
25000
15389
4579
24976
15931
18713
31250
5600
3064
3094
26552
30546
32182
13540
12922
2504
10076
26905
1442
14136
18329
14076
5999
31151
22997
12194
27311
26262
1127
27735
20112
32565
14088
832
4276
27253
3463
12094
5507
31722
19135
12052
19141
11280
32711
8141
10352
26069
13160
22104
13246
19800
7636
31862
14467
25585
19604
29910
11454
11633
17091
19069
29294
15019
27002
12140
27559
15667
25739
20093
5348
2149
8050
29839
6559
9129
9864
21730
5919
20982
8314
27844
402
12949
31738
19054
24411
24360
9652
15145
20141
10986
23172
9397
2393
26424
27110
3562
23268
20817
31918
6816
15581
3418
13305
32461
3437
21157
13411
11501
5168
11570
29050
17319
18755
30838
19827
32429
4767
30556
24860
12004
27557
11658
18
32197
11001
24037
19764
3
23188
21079
29527
23405
22037
20688
22076
1047
9048
24970
20415
21684
14666
19090
19792
1607
10492
25732
24999
19195
23798
11413
7860
4174
25293
14295
19413
11381
29432
27577
19532
31484
10975
8141
18928
11438
11573
3279
30754
20148
7304
11490
771
19713
9238
28956
32485
29677
739
28741
27647
13599
19720
29404
8804
13233
22350
91
14902
23439
251
20925
17430
2080
20460
19772
26080
32297
4836
28511
12181
15598
32292
17716
15513
27290
30268
23514
29983
24544
32032
18755
993
5859
30078
12856
21524
339
12367
29086
11163
2521
30893
17655
13691
17590
4580
8748
4239
5031
23499
6793
13949
16651
4437
28425
20200
22087
21859
14804
17127
12650
476
20742
9398
7693
27904
18098
16300
30078
6393
10791
25709
2589
435
28273
17761
25093
31982
6691
30565
1263
24722
9300
27328
24916
25410
8936
28760
3282
27443
11793
7974
25553
16191
7444
11751
19558
20021
81
5396
8312
116
31870
3349
801
18360
27443
15538
9558
24883
25771
11210
15819
32224
5833
20039
14353
17684
3417
15185
24321
25942
20377
25794
1630
10096
30455
25306
30646
14278
8989
10293
9865
6631
28459
12793
28590
31330
19523
2132
26609
21211
25931
8998
32257
5213
28654
1786
29578
19442
3812
11835
29086
30065
10612
4773
15449
28824
23607
27385
18885
19546
26398
28917
16379
23674
15542
17283
7819
19801
5803
14641
5918
10765
13196
14049
22874
2226
8653
24257
22022
20741
15378
11134
15727
20783
15019
19381
15626
5342
32346
20907
16474
12954
30813
2877
14612
855
21416
5658
12930
30790
17267
1071
13349
753
6900
9315
14238
17287
4718
17285
13775
29044
23914
31106
3901
12853
30276
22236
21432
21099
17130
1623
11583
5422
30433
14070
29214
3491
22153
25125
8793
14033
16289
16952
21581
15792
6925
3348
21653
12675
7127
18220
32043
3688
28533
17072
1999
22062
17226
7936
24493
11110
17263
23655
13882
8893
30386
22534
24415
16009
7135
17422
14553
18593
27711
28723
8416
32370
26463
30301
16390
17231
3090
8096
10851
19721
8889
5486
7151
32448
31938
13067
21551
26104
19823
2882
21780
3567
32729
30295
2336
7471
11828
15420
5322
29023
7764
12039
22308
11614
26480
18852
23995
28051
9511
9927
20414
5758
23488
25637
5219
29075
29110
17892
14471
3145
25204
11856
22421
3438
3677
15823
2984
29885
19471
12055
10484
30898
7913
17310
18530
30365
14027
21586
25978
10486
7452
23179
4998
6128
13074
1342
3572
30800
25901
11891
10237
27776
14341
17657
24452
23519
4678
32344
5953
21596
26617
25863
15390
10819
11013
5855
23009
19030
9461
18384
25356
29216
7675
23763
12289
17030
30005
13087
31082
24735
3632
26528
20952
6342
14251
12965
25258
14317
28573
11225
28721
3892
10361
2676
26898
21946
29616
13746
1259
23730
13687
14725
13881
18874
17868
29574
29561
19305
8883
3122
7053
31783
6086
4179
31074
26434
32492
16060
10960
25662
32361
24121
28353
15468
26647
12230
7830
20158
7666
20735
22214
9689
8154
8920
4808
13420
9877
2190
16436
11200
28692
4830
3365
8337
8439
27508
30177
29213
24403
5286
21948
10106
2738
20834
32569
14124
13659
18789
8051
27895
17108
15790
28859
25074
20390
24883
131
15069
18016
10706
3195
8372
17886
11658
15097
10116
15563
24555
12958
6014
24165
17355
21815
19530
21632
25915
8673
7838
21198
12218
625
3086
28509
29864
2066
4390
25697
13821
23344
27062
7988
2362
25237
11117
16539
9888
26066
28329
29259
30880
12001
31118
13740
16276
28424
8534
4060
7596
27392
21991
14071
7979
12887
2987
9366
4819
26131
30620
12693
18077
21144
20894
7962
31918
24780
4370
12498
11399
8824
22440
15486
25724
32242
32372
21167
24423
15609
31045
25805
8861
736
1074
3166
14369
28143
20341
22405
22808
26630
7549
16073
7293
27267
1854
10264
32278
14694
23244
6924
20903
22963
18472
2669
30309
18200
20569
22262
24237
11472
10943
28508
16374
9671
5285
12684
32517
18431
16149
28980
11360
32562
20208
18310
9476
31417
9022
4153
11098
12972
21954
14288
3176
18507
10705
16158
9540
17820
23909
6154
23759
86
4206
16272
26015
9214
13928
14600
23613
10064
17970
20139
5521
12512
7198
15187
12698
12033
16965
8578
18019
9958
4893
29606
14130
32519
27213
12699
3074
18630
22463
8050
23859
19795
2295
22897
10113
25037
23716
26970
7219
18090
21621
16625
16788
5720
22830
15800
30631
1828
1275
6653
13591
1116
26628
28438
4205
25264
31553
11500
27013
13278
13712
10934
18243
32143
30469
13575
15746
22395
16001
15627
28493
13524
23942
3341
338
23778
7753
9789
4243
22251
4105
11185
351
19797
28064
32425
14977
11278
21080
28695
8375
32300
12543
11103
26214
20177
16702
15963
907
4434
22310
25250
27125
21656
22796
27658
18866
17862
18327
107
31175
17947
3095
31910
22820
6171
280
10982
15318
26601
26936
11814
14463
13048
18485
18164
27139
21218
21066
21876
31109
12184
26044
15527
1170
23740
17072
2797
13211
9803
30015
3017
5289
20607
9676
9957
3660
3828
17301
12374
32468
30473
15753
3616
23492
29065
15706
22269
25988
28555
6354
20058
17238
26262
28010
24995
7051
22537
6681
2752
31735
26554
2922
15328
9890
17886
3537
14453
5824
28713
6719
32639
20964
3638
20724
11022
22896
27944
5781
26882
20560
24210
1918
28950
10472
32404
13657
7197
28490
9543
25327
139
941
1883
12863
14390
22811
18943
30925
13150
3177
3585
11837
15595
26476
13879
10528
5111
9322
27933
7694
16012
1487
11711
5365
31151
5665
21466
18608
27293
9270
30526
9436
30036
20389
5750
21991
23637
14714
21675
8041
3497
11566
20166
27832
16674
21974
19413
20407
19427
21402
19632
25070
19746
17769
16092
15328
6189
6891
22191
30360
32683
17079
21685
27526
26149
2247
14931
9865
14277
14632
12714
15949
12637
23286
11454
1751
6314
6024
32728
21086
18907
8680
31529
13405
15949
12934
18351
31462
28825
27437
2909
21049
16848
14133
6262
18069
17413
31739
11322
6222
3596
11662
196
5664
31874
7083
13875
29123
1037
2796
22280
17087
30949
28220
31695
11138
28564
21646
20994
21680
6906
24271
2602
12986
19347
21016
28999
18866
29693
6697
14706
25438
22196
20499
13761
27531
16673
6452
3435
26275
30675
29288
10796
13954
14348
15230
26091
8582
29311
5865
15259
20453
9048
29112
32607
13124
27517
18377
25073
3205
20243
30777
17220
992
15685
15902
6248
1845
17728
8569
26799
25248
7298
29798
9742
18255
23125
12438
25797
13456
3222
18687
13890
30510
2491
17362
11075
13054
9237
12462
16700
10933
8785
20243
16120
14844
8517
31001
17538
13767
17130
9826
4678
9954
20132
6989
19316
4812
9930
6252
14245
18121
14178
7737
18369
22835
16940
6404
25120
21777
11235
2352
14831
17387
11967
31647
13782
2524
5694
26219
10711
18408
26660
15831
26746
14480
7872
21893
28455
15012
22642
25065
12755
32345
8298
11773
18911
2203
13490
22838
3132
164
28015
12727
19156
31694
10596
32454
17701
15269
25527
20348
3119
4673
22264
8640
23953
24787
20831
30070
14831
25725
7765
8179
14998
17767
10550
29620
27235
7183
15702
4176
9697
24800
1858
28332
18097
31239
15176
32110
7727
23426
1337
25012
850
28025
9581
12293
30676
11474
24328
12680
10387
14848
7036
2419
19768
18971
26447
20167
11030
11830
11295
28219
16213
25837
19427
26741
21583
27197
371
16512
1594
14745
10827
11899
31496
13881
23947
27278
20875
28086
29763
9251
3037
26836
26350
31058
30975
32414
9276
668
25024
23993
17685
18141
31968
16370
16858
11132
28278
31769
3310
13541
22159
27154
13941
11065
13080
19753
32091
30531
6398
14502
29080
19375
2195
8865
2995
28278
24884
6424
23941
13981
14377
19775
16448
4639
5836
26903
9136
10280
25581
25410
25280
27523
31862
17686
16703
12630
16203
5872
30436
8205
4212
26315
27536
2708
6014
7441
2260
3017
15646
5040
17587
30257
11288
9073
18857
27625
22879
7046
24556
13024
22398
22369
31729
6468
31030
26317
5682
32314
1897
31799
12335
21202
3639
5452
10930
10042
1382
4554
20824
6194
22535
11407
16205
12479
3926
2807
343
5156
9443
22116
6422
1038
16367
5150
17802
5903
25113
12126
13525
13133
18234
27045
834
8572
31885
9554
11143
19465
29459
15988
19527
32408
4405
26077
26331
14769
1964
12920
31570
28342
28062
23772
9654
14361
26633
22816
8337
25035
24677
17137
20656
22008
3717
20451
15911
16881
22975
15365
7830
1898
21836
25784
21674
19941
23537
1473
2278
18542
3807
19612
16291
905
15321
13843
4181
20329
28308
27152
25105
6754
12643
2480
20812
20385
16660
9112
8934
3611
14356
17036
26727
19395
29914
19006
14728
14592
16259
5731
9973
30814
29370
4108
19025
32388
11227
11572
6010
11878
18008
3733
21263
1467
9819
12225
21040
28082
5805
23917
26501
992
15830
26128
8578
28541
28294
14509
15849
5841
22323
26092
30352
18665
21764
14192
2916
12174
28142
20837
11694
7544
13853
4696
12437
3262
9365
9548
8932
24977
6937
31242
13838
17706
9547
6072
5744
11521
13078
32173
6357
25152
21065
1668
24895
7543
11140
367
26341
2705
18008
30158
31096
18695
22698
17665
11178
15443
9560
7802
18161
16552
11808
31254
11400
6112
15549
3245
18360
8886
1874
27368
30037
14901
29708
20050
1163
15728
16387
12466
13531
10100
3426
12697
21856
16763
7368
31287
26967
17762
13806
4978
30174
1117
905
25146
23804
26090
26226
15894
27106
21251
1028
22019
29296
24984
5061
22399
12795
21564
12361
3041
16718
16927
12116
24555
20462
31548
17727
2466
675
31955
30621
16477
6963
2586
8990
15133
19825
15664
6323
26908
25974
9298
5618
6313
9007
16209
7357
50
28440
28995
28190
23971
19526
14969
11382
8175
11179
20146
26839
20203
1174
23438
8110
9571
22137
4934
26789
4456
30703
20377
24007
3815
22269
24842
32229
4224
3736
24136
3641
27284
30056
2030
16202
29856
2508
5228
6415
21706
24350
30789
29271
10682
28728
32380
30569
1707
31543
17736
999
30146
19071
29455
21496
29854
3839
14226
20645
7984
12214
28006
31620
31949
12917
28579
15764
9089
8679
30688
7529
9639
5328
6238
8329
32182
14994
9859
23573
27742
4341
10634
30892
31956
10023
8570
11660
9066
4610
14932
30458
10850
30094
16273
3045
24836
18375
25547
22214
16622
12448
12475
30154
32172
11079
13155
1587
12936
19627
14476
16123
8867
21308
11635
7867
16197
25585
30912
12492
26738
6288
24503
11692
7102
17194
19378
31395
1378
2788
975
19622
10126
17918
12006
29307
3073
13581
12734
2590
13272
907
15744
9572
14755
12690
8811
8670
22974
19173
15050
14336
21727
3888
547
1410
24811
28561
11442
5895
7182
1366
21269
13565
13834
26121
1609
30660
17359
30890
24533
26386
29005
12347
25157
10390
1414
20354
15834
475
27879
6666
19840
12656
15832
5739
24576
25414
27538
17867
8567
17497
6960
29861
14599
31122
20233
2249
28364
32236
23614
28836
28178
11223
24207
6082
30661
30170
7795
1169
6440
4731
7527
872
15050
8035
15494
711
7095
32702
12634
1249
3307
31201
15602
19031
268
22575
22836
6727
17496
4413
20597
19333
28892
15156
29511
29480
29414
20087
24722
23625
12734
31622
5095
11527
12433
6179
11792
23758
15278
26547
11244
24538
30197
17126
32634
11254
23179
25242
16179
31370
1747
20989
24477
27604
24730
19442
11037
28534
27794
1975
27660
5681
26882
14532
32014
12528
187
17910
13215
24840
10830
31724
22767
32190
1916
16050
9456
29450
22766
32412
28589
32154
23079
29813
3293
26650
6582
26841
1464
11699
8624
2784
9481
9681
1117
6653
2437
7466
8498
26405
12891
32764
13823
28979
14860
31125
4202
8331
13181
11545
29596
26109
23883
27520
1594
16621
8030
2782
23703
28849
1729
17127
29480
21819
13232
12978
11576
17144
28147
29629
11228
19959
21355
24114
4394
20558
21739
25192
934
12218
30025
7085
1533
9861
32436
67
30454
5037
8775
21160
19877
5698
13791
14362
26082
30736
1066
6235
28921
11134
25345
10930
24227
24758
1016
21554
21045
30214
13107
15166
30744
18310
30843
13389
20345
8700
20112
27627
15425
23804
25793
29185
30024
24660
7867
2645
8901
6311
18079
26196
16650
8023
9559
11280
7022
6568
29993
28293
29578
4899
25228
31520
10408
22329
3899
8322
29560
3625
19337
21121
2565
8484
31220
20335
16360
10670
20732
10911
30395
28743
28470
24614
29393
15947
30108
21983
26660
1815
7207
28082
21391
11373
29856
3349
29758
25114
20403
15826
31074
29909
30789
19467
14377
30827
14599
1404
32237
8473
24651
32257
21164
19513
13847
32088
16312
31778
6264
31271
28335
19273
12825
17985
13486
6828
32532
20517
24002
32624
5128
7624
19615
13256
23404
25748
17045
3866
15651
25264
25535
18781
25680
23938
19326
3526
5995
26994
17701
8355
22165
24305
31990
7303
13352
8378
15694
2727
7059
5976
3100
23172
31333
1513
15511
31946
32679
7201
18737
9592
25967
27026
2502
31042
30898
5674
6682
10804
21338
1021
1154
18327
31896
15940
1249
17688
25468
22950
30678
32039
26563
10679
18996
12958
25840
28607
31923
21923
29598
26300
4069
4047
21780
20650
27755
23440
15642
26881
7016
10955
28171
24704
25398
24774
23340
17961
7256
9030
17724
397
21168
18164
1356
16969
1778
23301
31185
2257
9305
6170
18936
11372
32409
13925
29497
640
27668
28430
21807
2832
20560
11477
12199
18051
10921
12280
18167
6311
32067
10583
8849
23797
8259
4310
6615
4119
21823
15107
9009
12967
12018
29177
6493
18746
8501
5508
27399
7581
19755
1669
26778
9566
23995
24984
9301
12686
2115
19701
6305
19398
1418
23956
2210
25704
5879
22421
20236
13863
27649
19934
3896
714
31719
25862
31863
3372
10145
15730
11174
29832
14358
18621
8962
21747
3215
3677
7230
20778
3436
9092
11475
27022
14102
23109
18584
17517
20788
27640
21138
19331
9762
8927
12301
17089
20126
18186
4587
15437
26053
21111
26685
3529
14655
12414
13328
10968
18870
3180
11145
2270
12172
29551
25653
28680
14285
19890
30618
23949
19810
29384
22034
23347
648
23886
15321
28692
20097
16844
31844
3746
21385
3293
6132
9193
16652
3216
20332
11284
9750
18701
10847
28723
18443
20604
9070
20795
20888
31266
28369
17486
28137
25805
3891
25661
9245
13427
11459
15436
1783
21270
25224
12341
3286
14570
30196
9583
9191
32698
11453
20911
22169
17800
13544
21168
5201
8820
21287
29488
29280
13791
19300
16699
31026
3791
14238
22955
20935
29589
16628
3312
26471
19630
28415
16653
20882
14056
357
13539
6711
197
1963
2226
13350
5924
11083
12253
13766
9502
24583
12269
11275
27439
28284
20697
6563
4502
3322
8837
30320
31230
31379
31624
17211
21597
20594
21810
1447
31517
32111
10446
16483
23162
8160
12836
15268
26411
12721
15170
12755
26692
15031
21884
13442
6235
32065
9138
23973
25065
20720
6609
8447
15092
8137
21916
20954
25579
14729
29869
12539
3538
28984
2998
5845
11166
14593
8973
3581
29411
12353
23656
29150
20396
22494
9701
26030
20394
24794
7757
14241
18578
18728
3737
1116
15808
15038
7349
11948
18720
24811
7045
32632
2894
10219
7206
500
26364
6841
9334
28696
2965
21284
11990
17233
4895
12325
22318
15734
14182
18032
22834
32253
25175
16201
17380
30575
7594
6553
1626
22809
9668
321
14786
16645
9179
12462
19619
18984
21339
4269
29542
19165
5768
2689
532
22418
15973
16436
4961
24001
2517
7978
8426
27427
8193
252
28859
29984
2553
20099
31764
13449
28574
22834
13165
27017
7103
24233
17335
7129
2946
27272
16613
11060
3334
2689
22955
17419
12614
2226
30853
3193
5441
8241
30204
7545
18008
24552
16421
7255
17911
12195
7018
2148
28791
11111
24716
4334
19267
18694
23529
1903
32314
31728
12795
16901
31829
19276
27938
546
8074
3655
6307
13189
15344
17068
3312
5993
28195
12726
20778
12284
10474
22306
13796
18
17943
16007
3370
29467
7855
19178
9153
338
28235
7309
24497
25656
1470
2313
10241
28481
4344
22940
31170
24781
29739
17348
20047
16217
1068
20493
14034
5879
7707
8999
20746
11003
25158
23867
31052
28664
5707
895
24008
25067
29309
10249
22286
2741
24201
17377
10705
19663
24922
30553
5610
17977
18489
9377
22175
24499
18745
6294
30758
23600
9426
13787
9829
31880
2764
22059
22780
2925
18014
21997
133
26016
30104
32265
6426
21092
20478
16379
17944
16436
16502
30758
23331
14769
22116
10858
30315
9950
21011
27896
4141
11919
20567
30053
9084
19487
22896
31742
21569
28002
22322
26972
13953
11482
13923
568
6878
31790
14181
1408
1121
21207
12820
28841
11126
13597
20722
24136
12856
10050
1922
13020
28143
24829
18417
3054
27095
21802
15355
9565
1828
25023
1293
10483
24130
15362
18343
7227
17761
27897
1541
24727
8241
29218
3582
31117
23786
22117
32300
3426
17040
22343
9805
21482
29813
27232
18153
26526
20223
14095
29750
11503
427
22636
8248
17370
2642
31614
4140
14269
30124
11695
16679
24937
2322
28540
32763
12152
14728
24433
14426
18657
5114
4437
16190
15817
31430
26018
7303
15004
23675
30008
6118
29021
18400
25937
3323
11578
313
14264
19130
17508
31941
27446
531
23581
25227
77
2002
13075
32599
13865
28100
26092
18175
5076
14107
25122
19434
4521
11283
31505
20435
30475
4310
21838
20939
16471
17309
7227
15741
8470
1561
13784
8118
30328
30225
26844
1061
15870
31052
10501
24671
25718
8369
32172
12325
300
18093
13980
9962
20831
27861
25380
6800
2034
7373
16235
2931
17764
20584
3076
28072
19458
9488
962
6023
17499
24169
25550
31078
9717
31793
14838
680
6206
26475
27976
22519
24517
31420
13536
16077
11178
27157
28926
25145
22356
19858
6748
21728
29793
21410
15294
29762
12515
24169
10698
4414
28105
4194
27930
472
6555
3145
4752
59
9067
27704
21993
31482
6664
13328
23189
15003
19316
17178
26310
86
30872
2286
21704
538
28983
404
11920
26577
11297
15594
10135
11749
12201
30021
26857
4355
24152
31067
25464
26399
31715
28001
7351
2488
32347
10096
10596
13661
32676
11053
19109
624
25384
2217
24919
23338
972
8838
11171
4831
32292
8028
210
643
27362
2650
32610
20078
7573
26417
24921
14684
15248
15661
27353
10424
16167
23973
9973
15898
15138
27030
26307
10766
29291
23179
14002
7191
6154
4800
15902
29683
19283
14470
15650
6177
9310
24809
7342
5537
25784
19857
17625
27899
8280
16870
11640
12418
29397
13176
23791
22490
5334
22941
18759
27832
26057
24668
20353
29929
15832
17033
13610
15766
7192
3890
26672
27590
1284
7738
28916
30244
9515
30788
19104
27651
3109
30162
5563
11679
5067
22958
22779
31141
18344
27274
17498
29686
24746
20451
10859
2472
10525
13867
9199
22094
23770
32294
4516
28282
22972
31637
28765
13184
13396
1810
13143
5244
1246
26427
6347
24726
115
21778
11456
3716
12928
8100
28195
7505
27254
13033
18969
29277
12739
1516
24980
22694
24066
13355
19749
1349
4974
17985
21265
17724
19357
28098
17318
14446
13419
14439
28623
15855
31540
32363
28135
30078
22598
4148
8395
31312
28309
26422
13619
15120
21425
24085
2370
4899
21494
13321
12891
2352
18178
24455
5431
22240
2157
29726
17460
7650
26804
8095
6128
28211
10869
640
13847
412
24546
26498
31353
20604
15472
7826
30304
25543
11983
32493
31264
2127
22303
21640
23791
18242
11617
15535
30455
18420
27691
13804
426
32479
5024
26410
21078
19945
6304
25114
8953
31205
5180
25814
23894
6491
1901
24261
7240
24716
1797
15550
22359
28337
25573
16496
27785
132
9073
26369
31866
11265
23617
8949
19631
2414
19225
27986
9256
28057
13340
29185
22068
6497
25660
23416
28554
631
26357
406
14740
6502
17467
32718
2062
12497
23217
30344
1232
27132
10779
31684
28136
19087
8726
32513
31212
24470
18695
9309
22159
4555
20305
23293
30065
3864
25291
12975
6972
27992
22129
13518
25836
27230
29273
17511
14190
27960
32745
18841
19821
11444
26184
11330
22377
7972
27410
25048
25097
5983
27472
4756
30386
13064
8359
6614
10840
32275
18127
26053
3732
28548
13639
31285
14583
9082
16711
6863
21663
30317
31735
24683
29191
26036
8414
15809
2339
22858
18589
14145
25005
15057
13277
21055
21946
32215
17030
32595
8848
32089
27441
1024
15291
21125
18145
10131
21598
2244
1261
10062
4808
21240
23361
13766
8775
9730
18119
2442
5953
23688
12319
16133
22912
18421
18582
4518
2254
21185
13142
12350
4034
6130
20186
12457
22745
5091
12965
26288
22984
21060
13620
8750
26897
15714
3633
6258
4565
29352
26857
31973
23017
16486
31488
3308
11820
12498
29539
4880
26903
17997
21887
9565
10133
19687
5297
8967
24597
25892
1021
13652
28638
11265
28162
22453
4771
9266
26925
11062
30808
17582
15406
6425
27972
20589
26280
2238
18518
23408
8749
11463
5052
8451
28521
11129
9138
3903
925
9828
3992
11218
10832
25926
16712
13827
28481
10285
3750
10736
9375
25820
4473
2330
6524
29552
12665
3108
5248
28227
5288
8664
26330
18705
27110
24427
11132
25433
16832
17922
1672
6662
27018
372
30981
7247
31917
1106
7383
2012
8257
9509
23790
4138
7391
8438
32189
13616
19120
10004
2542
19779
970
21009
30548
26167
4285
12814
6177
16839
17256
19512
11353
28982
13330
13203
10118
21559
21686
7927
32430
32523
20125
8280
4738
19433
24114
24906
2520
7074
8467
2243
12379
2437
2660
11811
11649
5760
29032
32115
10174
3977
28242
28906
10232
13116
31064
17334
20794
23238
10
505
16556
10753
25826
23057
10691
2784
7452
4892
693
30734
24775
19643
21808
23250
8477
27671
1867
54
14608
23074
12477
26984
3109
30496
20556
31584
1925
26469
30089
20931
14674
7520
12987
14600
29239
17624
27417
5081
9539
29558
20796
12220
31223
17028
10707
19698
17565
13812
9881
23967
22748
5284
28036
16428
27274
5600
8255
30954
28865
2089
30683
12024
16181
21812
18626
28774
18884
1846
748
410
17999
13151
597
15347
8393
28068
17326
16301
30093
10690
20818
32005
1525
11648
31869
22685
23336
30772
14008
28449
2867
17288
8088
15403
21596
382
6824
10340
690
31666
420
17133
21481
30688
18152
10749
19813
1445
7207
26315
14485
22922
29024
16558
14722
22846
24590
19330
13224
15651
22176
13647
28932
27404
6184
5925
16238
28230
25687
19786
30761
12501
23465
6808
9657
23039
29661
6944
15348
30223
4264
18963
5724
19283
5290
7907
12460
103
32417
1445
19889
30645
26333
14010
91
1085
28916
12718
19220
23442
1462
24416
18768
26917
26979
8035
5990
26310
540
17573
27806
24168
25240
17742
7051
31013
27928
8683
27803
16258
8861
18380
1772
12019
29272
29354
23393
18594
7522
20878
17910
32108
685
29421
22864
6956
26427
15384
2201
7997
3725
28628
9098
4666
14175
2116
22729
20744
20626
26640
12918
26391
31338
9920
16640
24036
10233
31849
26686
9667
29915
4236
699
31707
804
12347
20305
29042
30103
12157
23801
30827
23065
31220
26849
6412
6245
5821
25279
13573
14592
9112
2918
31662
6256
2889
24982
29585
23209
31550
20761
15656
13000
23665
22539
29416
21251
21392
5754
19070
6368
3164
31791
23384
18854
21583
2250
11879
29457
18561
21013
31523
17482
6860
17554
13776
29462
12846
21078
21248
334
10864
1050
25690
30351
30469
8336
29337
25138
11573
24051
14552
14719
14715
20962
9484
26141
1067
4974
16850
6349
18775
17266
28011
13401
10228
28451
516
25798
11321
231
21307
14033
22856
13163
9440
17306
30224
15087
32504
17562
8562
6373
776
9178
29090
19899
9872
23655
8913
23797
30421
16129
6409
22398
18915
28435
14680
24640
211
11240
24112
24306
16202
14875
27406
21809
15426
335
17242
2515
4109
12833
10382
32376
9110
2139
17307
25441
9451
32106
23945
32134
9464
32531
2909
13026
17045
32353
20799
12562
1732
27362
220
25118
22067
28179
22282
9111
7177
31512
7338
29666
4575
1712
20179
2515
18699
31593
4653
2686
22821
15888
30106
20809
22468
22124
18460
32326
32137
4140
1523
16064
7263
10269
8453
1044
19200
22944
10371
7362
27068
24668
5066
25540
25718
16944
13447
31263
21999
30059
5151
16055
28743
14144
16462
30823
20160
9844
19214
26193
5318
30298
442
10867
32300
19969
8051
17020
17593
10156
32451
733
32483
17538
3712
18466
23514
2183
3571
21123
24776
21195
21562
32694
2903
9698
9963
22280
32117
13459
25594
7084
5716
9940
733
22867
7348
10999
12525
7933
24164
10014
3344
23566
26886
7924
18069
5028
16404
8607
9055
23080
13344
21488
12614
20771
16224
27357
9914
5459
2921
10802
13993
21247
1083
15235
23459
29831
7294
29029
24125
7999
9995
19166
6835
29309
27054
19225
18897
15601
19754
31070
20755
7221
20094
7490
24075
15013
5479
2843
20739
8049
21542
5303
15076
17649
21635
29262
29270
26936
22034
14260
1065
19691
8629
10707
756
21588
30306
2137
31227
16050
13095
8110
1878
26579
25195
14121
24912
18405
2678
12163
19214
9610
26420
25996
15473
11818
28981
11548
16700
26765
22009
30797
21370
13737
17771
32487
13594
21432
14507
31260
3293
6030
5648
18550
19058
20522
22126
3597
5599
2187
3988
9469
20002
7109
2073
29207
23320
20307
14425
29143
22175
26543
23738
4502
20727
27424
32052
10497
13423
1747
3600
10186
3133
18990
3567
19358
12973
11361
17679
29270
10878
4158
2506
23665
10120
14922
11871
29634
2723
27924
31733
27238
21701
8133
24285
17913
21866
761
10264
11017
6201
18381
2073
31947
21988
23865
9931
9485
27728
6049
31958
6252
8694
30374
21023
27335
14473
32066
1421
2036
4824
20500
531
25777
29175
3576
1259
15325
3481
5851
6431
11240
3009
13518
27726
18568
7066
23384
24749
29869
14242
28945
76
6328
21262
22380
13723
2279
30315
9429
27948
12308
3969
17660
1210
21152
30844
29552
11115
32170
31310
17519
5970
30340
20047
12285
13368
15975
25382
21299
12188
32357
26861
23514
1528
28576
26768
21048
30022
5050
27254
13610
30915
20876
28772
7283
12787
18971
18078
21844
25317
31175
28751
11613
23992
31174
13098
24450
3422
30161
1618
22385
31648
10781
26743
16163
30818
32141
24898
2737
17961
3110
12788
30314
28634
13763
31050
11042
11205
1290
20131
31948
28641
670
6244
30540
7001
18582
8604
11654
22856
27183
13028
32443
8385
957
12938
17941
30227
1768
4078
10368
20811
5908
32299
29884
19962
2593
16890
18864
2104
24917
5844
30466
19176
20118
28503
19428
29502
6621
5355
18481
11647
31463
27301
25528
28424
15150
22380
24536
20882
13335
7002
22349
13236
32109
5220
73
17065
24590
13886
21702
20820
24804
14713
5403
8321
30743
17903
22734
31854
18561
7264
8618
21386
27491
861
9489
10876
9302
31589
16275
4455
4484
32335
18111
32365
11287
19943
11576
12658
11506
5596
11532
1314
10655
25818
27714
20789
32137
16627
20402
16881
21356
23363
28698
18673
25353
9940
25965
2854
14110
22207
23662
28699
3989
1940
10878
13949
13308
6140
21426
12762
18997
29853
14121
5545
1391
23358
21917
29067
16725
22828
26167
17104
23940
2268
11688
16189
27971
21201
19317
15628
3950
13760
29074
23605
692
23027
14899
21740
18947
29675
4063
3947
30015
14921
23494
26865
25146
29423
28244
18955
2529
23394
22022
29202
11699
28786
6269
7157
31096
22814
465
24632
27951
30898
32295
30781
9032
27698
12678
18115
18195
30459
16870
18860
20345
8872
1930
22787
20970
5683
6032
22333
406
26716
23751
14015
12000
29007
12992
30881
23311
24449
14120
2226
13383
5083
17748
6844
3513
2330
20510
27913
10262
19062
3568
5157
24137
15745
11038
13286
2661
17235
30329
18858
14044
29924
15393
27616
28659
32441
17050
8906
18802
24515
7714
16000
27808
3972
20034
20025
17006
20339
22948
7366
3571
11170
23588
22111
2840
28318
15145
15266
26005
3222
29750
1497
7196
18880
14780
24700
9171
8185
21043
7159
24584
10156
28008
32172
16929
2036
25625
20796
9681
12805
5567
7938
15762
27592
22699
11233
9039
28101
12372
9792
24928
6214
15856
9298
1980
953
8001
22427
8554
28759
12210
6576
7737
22787
24482
13886
1201
11637
5632
5709
73
30615
20504
12486
8155
28719
29612
25651
22612
18111
1863
7623
8112
8361
17614
29086
13350
5015
14936
2117
25503
7962
27967
1405
26477
27026
13176
19516
10298
17485
14111
17397
32318
15091
22614
793
16822
12833
24912
734
16273
22868
16553
16447
26220
29705
15865
28228
16320
15906
23720
7555
2394
28556
24836
31975
780
8991
11152
6064
17571
9413
24223
13499
12312
27359
546
15108
21515
16100
6591
16233
21100
22859
24867
8113
8060
29868
8856
20172
11508
7202
23514
13916
21891
14579
9510
20853
7294
9075
3733
25761
5588
15141
26536
30504
2624
18980
9508
29070
11202
14273
22816
1372
28239
20078
29020
16932
22728
6363
12244
31679
25129
6750
4501
26073
12035
26264
6096
2224
17196
23638
10029
29464
31668
1973
29025
19907
25884
28554
7427
13247
16835
20992
8091
29760
21665
5251
32253
8608
17463
27357
26325
4516
10694
31135
23426
13057
8384
30659
23336
23582
27260
5007
17408
30492
31277
7869
24307
12052
32021
17880
18792
671
13046
22249
12634
24476
10954
23379
6061
11309
14259
2300
3266
24835
12853
20141
6985
6364
22947
32700
21846
14665
27095
25320
14263
6325
14630
10372
22406
17827
29332
3032
3578
21303
16451
9156
5762
20216
31282
9894
21269
17364
11556
9598
10947
28261
3549
592
13969
1650
11412
9674
12419
16825
31910
14375
22778
29675
1160
24915
17984
28665
18943
21584
21090
3726
20115
10712
6974
32220
12353
20036
18652
16028
17008
1708
3586
29264
13094
20816
5890
24268
4220
9526
23255
19188
16975
21781
624
6343
19513
6514
23116
16541
27583
1545
583
4524
26316
28270
20404
23505
7775
32244
5547
26254
14720
1742
18340
22863
31864
19572
10821
30961
8257
19785
1657
24196
15932
20346
4802
2896
9250
13609
1744
32279
9277
23499
3410
11674
13784
2766
2060
3166
31220
13695
23082
31152
30780
5164
11476
17383
10299
22661
25090
8169
6861
328
10642
14833
22483
4382
27800
17295
17451
11456
757
8944
9184
25693
26411
10079
3229
11328
23663
26380
23656
18606
15104
10764
2188
12557
22200
1698
22743
11852
13280
4797
25350
14462
32329
20161
23166
22472
30360
11658
2109
3198
18914
23983
32527
649
1913
14339
24581
5132
10501
30562
17187
24391
24790
7594
6233
29627
8824
10759
5301
23182
6536
1140
32726
32306
711
17022
30116
13634
7021
10571
28734
29868
6848
4316
11828
27925
27108
3215
18679
6009
3573
31976
3981
29970
30803
28304
31113
1660
12605
27294
17979
15894
4258
7190
7204
29099
31027
28335
15532
3922
18877
2778
8216
6546
30902
21247
3510
11978
3606
17930
1114
8144
28520
27430
1806
23001
12832
10952
8710
10137
26671
14576
15314
3499
6869
29868
1751
17970
26550
24797
9984
8129
29745
6717
24497
17272
10989
28321
24061
9840
30644
31100
29464
10842
30085
27045
21263
12642
17124
21594
11190
10586
28789
14724
10210
21012
15817
7484
13017
17167
6264
23183
4103
29782
4464
4990
6899
20134
15500
25161
17265
1743
11881
12270
6680
18524
3189
21484
246
29558
25416
24908
21635
29190
14136
17634
8404
26650
807
6353
14097
17290
6560
20813
14121
28379
7203
9893
25028
11107
31932
24704
18042
22190
15834
26214
8770
7969
25695
14723
557
27613
20468
15272
32340
31719
28063
26515
8462
133
30871
24176
20071
14059
15703
28320
16334
17686
4849
30648
26638
24057
32421
20429
21376
28887
13746
3567
22654
26608
29036
24051
11290
14943
18831
16758
12048
21827
2259
25118
1786
8221
12224
22819
22467
8313
6596
4110
12638
209
30851
7873
1464
32430
6510
19128
15083
1040
10647
2958
11700
28688
27587
14531
14375
21188
5313
17596
4257
8291
16891
10507
5375
8105
15947
26609
22029
6013
2320
18209
30529
32722
21376
10183
13994
14795
26688
8137
12579
4898
12594
14413
14028
6346
20366
30075
17339
31955
31284
2948
28910
5007
5696
25827
29060
11251
15839
24035
28717
18239
10594
22881
24800
29666
11921
4819
6860
20375
19010
20873
20112
29909
26666
24883
11438
22374
23794
29604
20541
21589
18061
20437
16863
30990
18122
29229
9971
17857
19493
511
28940
28423
23779
16469
8609
25288
6238
21484
30214
5212
25245
5759
3994
21488
28199
18248
27715
13612
6169
18117
17175
18707
19063
16312
6492
12074
22720
24945
9139
16860
2757
3919
18320
25117
18874
10629
20717
9806
9102
21274
12352
28768
6264
22836
21674
12093
26323
8085
30321
20323
18731
13926
26032
7890
23192
32051
12621
10281
5450
30520
14892
18700
8038
13531
1698
1992
23057
30329
27181
27706
26313
27749
21858
24557
5884
14382
25126
22914
31187
4897
28705
22357
31823
15887
25968
27997
20376
7761
26522
27220
2450
11272
8390
22552
13232
5545
25899
23378
15373
15546
19655
13909
31929
28630
5460
29513
19792
1527
24696
31112
21202
16117
8764
4680
430
3401
21439
8315
1568
11543
15916
4083
1725
11372
29161
16330
30029
18628
15889
27649
25048
17871
15397
23143
1028
8564
17406
20156
28318
18711
23558
2583
8566
13335
31144
22917
28016
1947
9733
30707
24280
10127
23273
18254
8694
22761
11261
9448
5602
22833
4158
23838
410
3904
24493
568
8018
14664
22856
10896
29195
15380
17722
23031
6503
30609
1871
6740
6076
17550
13738
1934
15975
32704
1978
21164
13411
17929
12650
59
19226
17913
32408
26096
5498
19094
17097
11151
30028
25432
28955
21259
4801
19832
28795
3055
29262
619
23
22012
7354
4009
16406
14100
3446
7090
12935
2135
23340
15443
18584
7819
20122
549
20489
20929
23457
23896
21728
10293
12441
16302
19293
10359
20456
8138
5680
5832
26579
16811
15594
8647
23700
26740
26290
16973
14508
21870
27961
21141
30586
14415
7152
8352
24077
29885
28536
32727
22071
24846
26969
7667
32738
25170
19448
7962
27815
2451
21187
17738
14749
5723
15023
9979
31599
631
12004
14592
12466
31483
28086
12207
11893
27270
14808
31553
15129
30919
27596
25468
19299
9024
14238
1679
5583
21322
31442
16189
28711
5466
9883
13885
11093
21890
6734
8929
24950
17723
533
32503
27183
20065
3560
12781
26948
14207
5305
30520
11110
23885
30703
1013
17741
9591
23318
12241
10503
3744
981
9511
9616
423
30240
23657
1186
18473
8366
26305
15054
19527
11694
19448
24012
1449
19382
32662
21776
14274
764
12619
30877
25942
27336
31885
4638
7482
21289
15235
29747
1116
14056
290
7177
16643
2490
32406
4397
11095
14009
22499
30626
26403
25365
11212
2097
19162
18695
21236
25344
14296
16135
6723
28774
18411
16191
31883
17406
29714
831
8043
13818
6276
2034
6004
9914
31220
3537
14219
8350
12308
26966
28558
19480
6488
14260
32315
27141
15356
19397
31309
18493
14408
26436
30439
25704
12307
5180
18230
12564
18310
12992
9555
12549
8994
3805
16486
23756
1796
4813
30225
1692
31592
26989
15116
12376
6765
9458
30476
2032
27416
15831
22506
32238
28058
32281
24577
10828
15574
11431
13272
29577
26910
3348
27393
11260
28733
1936
26688
6503
30395
3350
31984
6863
9820
3047
23459
24715
21994
2102
7689
27292
24116
11557
25107
16700
16471
27120
16983
7097
316
28520
11703
27012
24162
8612
25149
29061
16350
20979
3914
31666
2976
21780
25328
14560
15863
18858
1692
23769
27480
8938
20216
7854
3931
19351
8975
4943
19718
30000
24243
5720
1102
26472
13339
13614
24795
25558
20689
20555
17932
29166
18892
26326
15419
10032
4824
16503
17218
16287
1343
26985
11837
6773
14754
13521
27794
28437
14632
14670
25647
20033
18907
31697
16659
17293
23118
15535
24080
11027
20611
6900
10959
3945
16397
507
13076
9168
19314
5435
11075
11950
13523
3684
9764
30783
25039
16811
22499
4487
22180
15457
2651
1931
27799
12747
9875
22208
18327
10798
30601
12996
20253
10281
2607
30284
11862
14407
20148
20318
8068
7893
24324
31680
1698
6129
3730
10672
8006
24036
10069
20693
16844
27058
30736
6006
945
8687
6103
6122
14141
27603
719
6735
3685
21137
29749
5759
25839
14565
8610
4672
30167
18668
15245
12219
32754
5689
22289
48
7633
9765
9456
28391
21736
21094
6617
22634
8175
14820
27622
8689
30857
13256
2409
25886
9252
30933
27880
1002
18464
30459
29286
14560
2355
809
4580
30601
14860
23908
9000
12583
23862
15126
3773
20901
32320
19368
4155
2255
9755
27474
28105
13247
28355
30770
18655
31383
31265
32156
27729
30326
20529
10674
15241
29604
26720
16692
10003
9232
25144
1433
19040
22013
12606
16734
5827
760
16411
28318
12224
19213
20219
11235
23686
12346
4403
29500
12986
9764
20006
18319
24182
18953
2409
19505
11154
22262
30245
31412
13346
10810
14781
27392
22591
27674
16817
24997
25355
12486
12483
6256
239
9612
10072
30013
27431
7756
27424
8971
27777
5932
12793
16726
9057
32396
5137
7585
9481
23357
26955
11090
26135
8941
5605
11714
3151
21734
2647
18581
3483
11513
31358
27207
16464
692
4089
17672
16563
10460
7124
18890
20412
24855
2915
22936
3866
14312
9329
8489
15990
23776
19611
21173
24060
19219
24566
12807
23064
21962
23288
9940
9341
28023
23445
18763
24172
12526
15784
7405
30771
7889
22165
28063
27124
31564
5164
765
27047
15875
721
7666
16994
7241
32474
29829
12504
915
5433
8182
26913
6188
22363
12554
10681
3114
9808
24227
32714
25248
14635
659
8366
29461
25260
22706
31919
16693
23068
13359
28434
31943
2937
7971
12117
15839
13011
6252
26548
20821
18166
25528
5362
10613
30537
8160
4949
18168
16630
6008
31987
11828
24395
32676
15660
15503
7009
6444
32120
29241
16123
26579
20323
1051
11952
29669
14293
18954
28493
18960
32663
23873
6773
11636
27923
31502
1674
12285
19291
32715
9681
9457
25197
3600
24784
8645
17590
13863
28667
309
5588
12736
30864
7316
11936
2022
28864
12128
17004
11570
3855
6425
27017
29759
18685
29011
13581
25181
9446
8715
12242
15498
25383
31799
28866
24734
17026
31392
8786
16069
25540
9972
9037
1842
4260
21783
9427
24594
27119
10427
27041
14271
16610
6448
2707
1847
8151
26493
25702
6348
17957
15023
4803
10013
6977
22129
7289
26692
23849
8157
13579
22865
3586
25746
14186
24056
25855
6151
15875
2182
18054
31519
31740
7705
1934
25085
15291
11025
76
3097
9897
15298
12814
17043
14901
3435
1127
12488
3611
19308
23948
11044
20454
11443
6654
22583
6067
1400
10089
28682
31289
8490
18124
1459
31750
30889
14811
3879
18955
6325
24482
8016
23387
19623
1130
1631
24624
24926
26848
19556
8751
5245
17524
14875
14829
980
18176
25609
15793
12571
23978
27592
19836
28134
16139
27552
8262
17365
657
16471
30347
11531
18209
9545
5638
12514
11521
22203
12989
14557
9974
11884
26941
12767
26281
28269
11815
19866
26703
11827
22251
30793
24969
7659
8148
22178
6025
5133
21317
24582
24695
6452
30274
26876
21523
26157
7729
12765
28571
2125
21474
19921
12527
8200
10190
30201
27891
28096
23452
7406
25909
8411
17642
22123
24784
7448
19785
26438
19600
10787
13193
4517
9814
16743
29240
29038
14270
28195
28517
31999
25600
29632
22953
32288
3348
11874
22121
5941
21530
25021
25941
10425
14584
27178
7476
10983
23877
1017
9700
20410
28262
7433
5020
280
31478
25751
1909
3914
14188
3412
14633
9136
30199
30138
19994
19379
21933
10911
8598
12282
27877
30731
25177
19425
29409
31815
10579
14631
11441
28982
28076
25574
8531
8168
31238
15049
22815
12909
18178
12153
11363
22503
24325
7000
25930
28387
12092
23666
14594
10730
27101
16049
23581
25170
23984
1360
13880
3418
26319
10385
30939
1911
23722
7091
7585
10728
8525
12062
3993
24208
13798
25314
1003
9733
30849
15711
17855
17381
28439
31301
31066
1385
17351
9664
6794
22076
22115
30700
14917
6029
1838
1167
16269
28003
7908
4871
12182
30256
30715
12929
16683
8362
19753
24172
16206
5078
20774
18222
32543
23909
29619
4885
27903
23108
30683
11152
29940
3439
16249
27295
19023
22790
28666
15496
21133
19874
21604
2508
14204
1001
8343
32089
25759
13408
31188
31489
29650
385
26747
23083
19761
10254
5913
14536
32311
2468
673
31369
3107
17811
32762
18511
17824
21485
15034
9188
22436
22237
4402
25576
10649
5690
29098
11278
17595
22876
7405
13704
19137
4911
29193
31679
16319
5253
10064
8520
11083
14513
5282
8467
21727
16465
29423
8166
8062
20075
13559
29194
18586
15292
23892
10565
3638
13388
30139
16136
72
21318
2943
12008
353
12551
21846
5458
14991
6005
26208
9851
1667
20626
4709
4503
6127
17233
26463
9291
24370
21160
24632
16996
29495
13030
13524
1481
410
10567
27474
6830
2573
27077
3727
11275
26875
1842
11756
29773
30059
10628
2642
17995
13862
32368
5235
8827
29212
6202
8274
11366
8196
11979
29189
5209
31043
30468
1977
18782
13327
1106
17656
1898
10452
26754
25383
5592
26326
1495
19283
18966
31769
18266
15661
8863
29822
13170
26450
3625
21550
3252
21712
13087
4411
29948
21478
19281
20613
18109
14860
26603
27099
6293
10547
12707
30563
7973
14926
31031
29756
24863
12561
11287
11873
29088
7417
350
4049
9409
2956
29447
749
29289
12258
22366
30241
31589
9060
11956
17094
25786
9172
31063
31559
32057
29326
10690
25731
24917
14605
1808
7795
4402
5808
5047
16397
11518
15294
19570
27240
19332
13737
21375
5920
7934
20623
23563
9724
23595
12806
27115
28110
6050
4377
14732
21659
3430
12174
25645
13052
1722
30827
5195
1732
21047
26552
24157
14563
539
8069
4546
31371
25828
20015
5624
32145
27678
18912
10254
3093
30073
1365
3164
17253
10782
16868
2161
30239
26691
8893
14669
31126
27389
1392
6609
25207
9302
17327
19827
29869
32160
16981
822
19073
29193
29096
1242
30470
14191
8923
17999
10164
26997
22232
2416
2387
27350
27196
27118
29723
28921
17058
25994
8985
28102
24868
13448
31444
19385
32287
1632
9009
12340
4663
30390
30868
14362
28827
20108
6216
25241
22154
26039
3105
7751
5143
14479
22879
11377
12841
1515
30422
20143
14789
2381
28236
29372
144
9561
11555
20613
7823
4748
18488
11904
28978
26154
14090
16447
20369
1400
18975
21317
21493
22828
24739
15896
24218
21794
8531
17816
13747
10320
15001
27790
26287
10492
28152
24968
19643
20780
27307
32485
24712
24415
15241
4396
13646
28538
19500
22434
18193
8197
18770
29467
32291
6039
24707
14096
3050
32399
8949
4338
1251
16645
4012
31166
23527
11521
2277
9682
8877
16618
14517
26367
13201
15937
10478
29919
10387
21647
4674
3944
17315
30875
9899
12226
11292
15329
23306
15190
9614
14400
29710
27944
9152
25587
23127
26982
24565
25026
31195
12097
21359
8569
12425
23803
15154
25754
4141
31297
2314
31567
30612
15548
26063
19874
18160
31459
10472
1264
13181
16659
26894
27035
32357
15585
2642
18688
4834
29359
28002
30633
20386
29053
9224
17347
32623
30978
20211
27602
17679
17915
2234
28067
32361
30916
542
16770
25322
18981
13200
21934
24871
622
18419
24074
32708
26310
9378
19477
17812
4288
12981
796
27905
25647
19840
7343
26287
5948
31325
20817
28508
181
19884
22899
15627
8360
8471
23204
1889
5937
32539
13570
28495
32144
26563
17652
2545
21886
21175
27931
4790
706
4726
31877
2242
767
31968
17700
15248
22480
31991
30335
2780
22294
29158
4264
24000
21905
32579
878
5405
24494
12945
19923
32060
29856
8713
12737
693
30642
26778
20472
11920
19420
9006
16459
11691
19860
21295
31244
26459
7910
19017
8389
26454
31175
882
2344
7889
31911
3368
2633
16613
9541
26874
28427
15927
28103
1098
7128
9176
16394
11857
15510
24938
13111
12132
3798
14981
18327
25973
7246
26457
5288
2524
31113
10388
7536
1112
23773
21126
16145
28496
8606
4994
28062
12639
2961
31112
13101
20496
24227
31522
9517
24550
7899
1932
17402
13728
3214
25111
30895
15546
12498
19663
9532
5943
3636
18012
31416
27294
18862
24358
2552
32323
24531
27069
