10443
25835
5124
63
8999
18194
11036
28302
30906
13085
13807
8570
9473
8549
19199
5844
10909
21977
31504
18072
25254
16893
15140
13589
22081
18483
10922
28750
22133
17466
2547
31905
17978
31988
29925
29862
19155
25452
13811
24666
22110
17175
17741
1917
16554
18266
18515
17208
25160
31309
9552
4867
26085
8383
32613
30918
17367
6010
11971
24638
7157
5575
2333
5539
25004
31029
3678
3976
3663
32407
19863
4098
19887
3148
5691
24844
22764
29123
18830
12330
29578
16445
24667
19789
16071
8405
30949
20727
22316
19390
289
28063
28771
1229
20770
28759
25416
16695
18901
13484
25154
23195
19438
4046
18388
29507
6946
30449
13167
28583
407
25842
26763
10546
18329
17214
9206
15945
21390
23024
23403
9098
1580
2873
7014
23121
9961
24069
30519
28801
29875
7131
16213
11649
12002
1541
29174
4228
10859
26098
6620
1038
18262
31960
3954
27316
23154
5789
20503
26915
24391
17400
24506
4451
1612
32724
26791
21341
29530
17397
3488
22171
16481
20701
8752
8528
6234
11505
15676
12440
32380
7896
23003
26112
5555
10020
31336
28233
31822
15668
469
1385
4087
21336
14145
15315
11753
26167
10189
8440
17245
7022
23212
30478
16965
13178
2938
21520
20029
21208
24271
21510
13759
26218
17683
16518
2966
10013
32660
20859
29845
201
31701
27429
32136
24665
31018
32097
3435
11563
11393
26667
18394
29114
22147
2401
29641
30586
32732
22473
14965
23043
20438
12118
21146
21874
12589
12967
27623
21516
14623
26065
28335
32549
1218
26206
25569
22337
154
25750
6458
6008
20075
16893
21945
26655
15692
31004
12884
9380
2045
12932
27369
14522
19834
11025
15223
22710
30672
20332
7566
6457
1328
12499
31236
10768
26434
14109
8938
14424
27835
13304
10686
15334
26930
15222
26082
13286
3888
26056
16205
5825
12422
24137
4481
31045
22755
25534
15037
12544
30373
7643
11123
30188
1520
27658
2556
18258
29181
4457
16011
6120
8373
25105
31584
1340
23679
21918
5438
7766
4182
8940
16414
32153
2590
18718
1061
14827
14136
10725
32468
29462
3924
6399
17535
32109
8582
1277
30208
28850
30621
7498
24236
7735
17328
6505
11910
12868
3065
1406
9395
1209
18662
14352
15918
23796
10606
21773
15549
11509
29090
526
6692
1984
10116
12253
15256
22275
539
7477
31094
5113
20167
30408
20277
1934
16595
14470
18330
21956
24393
13341
31018
22613
1290
24764
9957
3226
10013
22557
22833
6315
21832
9410
789
11208
10461
17791
1959
15864
5591
2616
13256
29423
21029
11756
14
9269
18246
20978
12034
22149
16918
16003
7052
7796
21736
3193
19371
14419
8148
7254
7017
22357
29523
32392
5135
28661
265
12524
17301
402
3809
21904
10332
9052
24671
18109
1312
22644
18994
11317
12584
28495
9225
30137
14527
28764
3240
24270
25064
24550
13371
24513
26958
22331
8426
12265
2938
14606
8621
15660
11848
1306
25442
15556
16028
3848
23581
14659
5713
7315
191
16853
32370
12010
30922
7878
8621
31573
17523
12100
772
22300
2297
21605
19654
6821
30518
3436
3006
16348
116
10568
10922
16343
19841
12637
16879
29627
11270
29063
3978
31961
26132
16732
11082
30749
14336
29362
19260
169
22641
2402
11367
17853
18103
8267
29626
14298
21342
8089
6979
4391
5891
10311
16290
15635
19303
22754
25020
25404
15042
20368
28852
6544
14682
3410
12311
433
23891
7814
20054
21918
26825
11440
16250
10129
6684
23929
12307
22819
22155
8952
9329
3510
25349
24881
6167
7188
7995
3291
12653
17236
30458
10087
23989
9982
32184
15421
26944
22127
26733
17225
26594
25470
22948
3254
419
19551
13265
6649
30647
15560
26085
2066
30129
27219
26144
28430
755
4132
20262
23249
10345
19915
21334
16658
7799
28011
31319
6311
5935
21788
23795
30211
30920
10127
21289
20733
7243
22513
18557
22483
25744
13585
10899
29550
16745
12228
9724
24807
29469
24713
9552
1099
8728
4201
18045
22683
7904
18721
14942
8471
24139
12419
17040
16316
1520
13082
16769
21772
7387
16909
4297
3341
13445
10309
4542
15764
7683
15058
11330
14787
32637
26763
12256
32465
24034
27893
19224
7689
28378
10855
3318
2070
18172
28523
9450
7549
14402
11110
21715
10347
29881
22140
18781
9137
18813
4270
19597
29453
1509
15429
1690
28843
25339
6004
16639
29675
32559
6457
24526
13669
16972
5508
1351
13355
15786
27803
5033
77
23718
18877
328
3747
31055
13573
13024
31174
10594
31890
20521
21600
22393
14565
18091
28838
31871
28810
28372
16674
3431
7931
1864
14006
28957
8897
31352
16350
4797
22236
8822
19765
25604
23397
32520
32571
25604
20850
4603
24917
32283
3642
21945
22037
21797
2426
542
6332
20209
2839
5000
30717
29682
23556
18477
11780
30519
32358
1970
31159
31389
12534
26873
23868
25412
16807
19002
9659
21055
29578
12117
8293
5520
31726
23142
8373
9555
23243
21146
15349
313
4705
19778
24069
568
540
11558
7000
29825
26811
3100
25663
3507
20913
729
32106
4942
29131
8966
25003
17770
14100
22423
28926
25001
4086
8024
4295
21098
11681
21960
8538
24127
17841
32299
27840
27554
5898
17627
29369
11491
13831
10975
13821
18533
25557
4030
28359
20746
29977
3477
18068
8940
3033
23400
296
30798
10393
10678
14035
19154
22212
11600
1010
21740
30798
19563
20920
18326
29848
8691
7215
2117
20116
19234
22905
2844
26153
13138
26204
7520
26841
21007
7166
13357
13729
3953
29420
4967
14368
17064
22369
24818
32508
32473
4806
30758
4482
8745
28277
4477
18572
23319
29634
4751
11944
6158
27964
6721
11126
5434
3376
7481
32338
31900
23919
9877
19507
19545
23633
4316
17619
30552
27386
19252
8977
29707
28892
32470
3219
11661
22653
10432
5295
2798
18811
31657
26252
203
17357
7738
23172
24865
75
6523
31437
23906
14961
2956
15193
28361
18272
29333
26874
6379
7717
9215
5066
14992
13630
17381
30922
24768
22874
20677
11977
20513
24929
6012
6792
14464
25524
9073
28187
18093
20662
32528
14226
2188
5771
22650
17113
22377
12832
24186
21213
15500
20843
27068
30192
1037
27380
17977
31087
29162
28308
12534
16546
19799
29564
24046
739
13909
1914
6732
13571
31110
888
24286
8681
22080
2374
26311
30332
27360
3737
7796
17604
15201
6483
32465
16971
1581
4356
10428
17866
23346
18865
21690
18433
10553
11221
27368
27623
13683
7590
22325
20995
12629
4505
28111
15130
25254
24104
29659
15882
4567
17107
8297
5366
12946
15973
10663
17827
31381
6776
12884
10530
23233
20539
11128
5808
3694
10867
32339
13786
13570
18624
4755
15333
10690
26658
1226
6252
3560
5307
8478
21835
14581
10455
30275
11708
840
15657
5286
8384
7920
28247
19947
705
29375
7098
2202
21109
11167
863
31765
21765
30761
24401
26830
15727
8820
26650
8374
25385
31787
24711
29689
19463
20707
3756
21992
3422
21163
17960
20022
18538
13540
26538
2664
17901
26963
31156
9095
29977
13172
16031
27672
20912
1553
27616
23118
30058
24340
26249
25213
22679
5530
10515
21970
1541
20040
13914
6466
17956
2530
15849
18624
1384
537
21880
6835
31215
18597
27571
6055
19556
23700
22589
31298
18467
10722
11509
19322
22173
10057
11384
3846
18942
1626
2535
5138
15118
10701
21994
15927
32341
22038
15604
23210
29827
20537
31433
21940
14863
24286
10046
25698
31261
25000
16448
30333
26789
29379
5400
1212
10194
18108
30445
3897
7336
16022
21131
24610
30442
24602
5987
26289
28731
10350
4050
15966
1667
27881
3750
13907
13716
15910
5598
27936
29710
343
23217
21680
30591
13276
19154
12923
975
3349
30451
28670
18908
29300
1672
20328
6497
29142
6349
22679
27164
13843
14090
4674
48
10707
15381
23416
12232
15524
21785
31049
1021
32330
32663
11459
19706
1110
10410
25888
22877
19963
20879
25149
24289
6684
23908
23374
22074
25513
27696
32209
20033
30764
26404
22720
31313
23711
8737
2059
32753
29825
13946
13381
18355
7977
31482
15005
21852
16217
15657
4369
27460
24854
8139
15070
32000
29111
17066
24891
13631
15933
6037
25670
4850
11234
2217
30783
25008
24309
21455
8948
4440
17380
16262
11644
12536
11931
3299
24104
4333
1036
19157
3767
20556
8719
28334
29385
22913
31085
21983
8855
4662
3639
5379
15840
17015
21085
14368
15143
30483
3707
22569
14107
25413
19702
10695
22615
1427
31560
26968
6987
5111
13720
18489
6778
29501
28814
16192
9959
15788
30053
27277
17609
7400
25666
21123
24710
31511
12484
17937
20447
20291
19676
10806
29544
2303
30175
25284
3132
24398
22489
14436
6638
1728
31525
24538
21699
4830
12346
1674
6174
1736
28104
2107
20795
22813
21764
12828
17952
28443
20543
14084
18641
21256
32702
14590
10948
10704
26822
3077
1172
11247
6902
5644
9721
9617
16346
28738
16888
16888
18620
11667
11095
9759
11965
27250
13652
7837
31013
2518
3223
25803
32248
17282
7268
16169
4298
26506
21525
254
5075
31507
24776
11583
8006
4698
12117
16562
13023
3064
19075
26451
9659
4452
27003
8439
18541
185
17020
6447
27982
9145
30161
13935
19220
22546
9472
9328
28071
3297
2629
24018
10544
14709
9278
30982
17266
12629
18920
15467
18269
31108
15050
15799
14048
771
32624
4249
3840
28312
11803
18589
21031
15822
26551
21071
3262
5437
8461
26531
2045
29707
3130
9108
7938
1203
13920
30988
27169
27397
11675
4356
13436
13167
17207
21484
28627
18298
15904
8781
6813
2967
4505
173
19543
2588
27697
15027
23580
20362
13043
16779
21878
23569
15582
18828
12148
20054
25237
27416
31228
11123
13911
19140
30051
26687
30768
3257
18491
6097
6769
5979
18284
25407
27231
26920
1159
11947
12584
1506
5718
3969
24859
16112
20408
30714
8983
23298
22699
15333
22596
24820
23979
21158
25602
2549
18747
31359
21023
7912
15297
8462
11597
17674
13718
13591
6611
32213
10078
17796
2178
24101
23701
4522
5611
16538
29803
28366
27087
30525
23762
9960
10967
16486
981
13478
23173
733
13099
180
11627
5439
18956
1083
13211
5283
18755
29864
25950
3710
25989
23726
26665
452
5121
18062
8140
31568
17720
23446
24557
20870
16911
7399
20917
17207
24354
6524
25033
32196
31324
17768
19068
20103
30405
22111
3651
878
10906
18808
30313
16105
29603
30257
27139
17159
26049
21172
12583
30684
18375
19801
30809
12581
21130
24427
10310
30511
26172
15663
26037
22260
10741
18210
19898
32135
18835
8323
16940
8883
17860
3857
23130
1759
2657
2070
19450
2101
16126
3748
24674
4868
1471
18207
18939
29026
7277
25595
28146
15893
5064
20423
30256
32436
4383
14443
16269
10505
19999
24494
30784
6074
19177
21755
666
12840
26215
31844
28661
19352
20703
1767
10215
32145
3272
16368
4027
388
29149
21536
17953
19891
26225
30029
18212
31051
17154
32714
3165
11219
5136
1256
32102
7114
11823
24252
17554
24716
18524
12579
23515
7030
4237
31748
26140
15434
28300
8917
10369
25813
26884
3425
14395
12239
24796
17864
12408
24322
5829
14279
1170
13487
12047
30009
17030
31789
10177
9182
22953
1491
29928
30812
14742
6680
14127
25219
23915
10233
16560
20181
5941
12955
23562
8518
12200
16946
2484
19776
11796
23585
10129
12010
23700
18019
14020
2474
23689
6697
13253
20457
24390
27076
13492
6166
22285
32198
16878
25325
13371
28004
7391
5881
703
5663
26903
21847
31696
13988
27551
3006
24544
12528
21645
26556
11467
14263
18134
3906
1109
27399
4708
16995
22227
10281
21608
19033
9768
4296
29170
22985
29939
3412
8383
16968
13831
20137
29265
8989
20508
4844
5445
30024
2500
12726
16610
6340
29088
13173
32494
18186
5843
30735
18373
3798
9655
12488
9388
15661
15567
12645
19554
22431
3581
23697
28152
3018
8181
12161
7651
14367
17394
12500
6480
29161
5032
18109
21431
11402
2937
14435
691
26120
5355
24200
7185
31945
5466
18281
31270
4763
21738
20966
6758
8440
20928
995
10803
8839
21362
8174
22003
30181
21179
15906
3685
23974
2420
27723
14389
16791
16063
6475
31182
5446
9094
20412
7023
1989
21284
982
11649
24746
19553
30867
26920
11866
30372
18
32536
10632
1892
6969
18602
29176
23520
15519
3886
2185
6928
12969
23939
10866
13275
31987
4070
29132
2954
4337
5640
24401
28797
20950
7011
12643
9500
16308
2509
11344
5905
8677
6734
14292
5813
12459
26671
30175
8903
531
14931
13977
7268
15903
30411
28067
30515
24099
29860
3232
14817
31600
8195
26357
25293
28976
9333
716
1284
21905
4480
31583
12655
3622
11646
22643
75
906
27307
32546
20186
14406
12924
8158
1368
18164
31538
17843
31025
2981
23472
27340
16241
31873
4489
13881
892
30125
11614
18160
13823
31858
22887
12305
10278
15771
28239
2670
26384
19230
19013
16202
27520
23807
7760
28769
29141
6514
9698
8489
3644
10304
31921
1368
20772
5483
1730
6310
4082
18197
7878
25556
9718
2718
32426
4845
16798
32013
5738
16588
4586
21169
17702
7134
26656
16904
10359
18473
8641
5599
30211
8845
28347
10939
4943
18762
18400
23416
24533
3523
10647
8496
25943
13186
26322
27230
25202
8315
10304
27971
25462
25237
27587
31113
23925
11878
6180
3367
32666
15166
30982
12420
11964
8296
14104
24031
24371
6060
8335
30702
16619
18712
21972
5061
29111
1025
11897
6650
10727
2372
27250
775
5916
19153
898
13039
22875
17515
13043
14373
22113
20905
32650
29097
22326
9537
26554
24692
9221
17797
31768
10262
4651
12846
32271
670
14478
5977
22229
11194
15920
12751
31389
1823
30468
18569
3087
1579
17152
24436
21493
4297
25459
1905
24887
30102
15001
28576
25865
9538
10604
7134
8035
15672
32702
25740
28593
9601
12933
9107
24013
17893
19574
12964
12074
5716
19669
7877
23634
3717
26763
13577
31378
14557
24953
19614
28147
27794
26636
29197
30573
29456
15121
22462
29528
7324
31179
12219
23587
2103
23619
21173
25928
8901
17888
22604
17023
8558
26167
1163
28467
31557
23588
11954
2610
9767
3866
1337
6568
6886
12983
21265
19278
25767
10396
10797
1247
16265
13435
5953
22732
2696
13937
17098
13104
4256
24471
9038
21254
27957
5332
9445
25498
4018
29685
27128
19005
8817
12031
2377
31805
22747
12739
27955
28948
26832
17844
14388
1248
13129
10230
21160
24339
24635
17847
1495
12652
29119
4802
18482
25382
4721
11857
7898
31855
8981
18979
14434
26139
19329
1999
9430
20890
4791
16472
20220
23847
16977
27137
6873
18499
6434
4195
19831
19554
4378
4796
8678
28132
15466
7306
12161
22854
32233
3161
1394
8346
8374
15577
8057
27956
4895
25651
6121
31143
18626
32157
15091
26608
2034
28973
24358
18416
9821
28138
10039
25120
30955
10793
4350
6784
31465
32279
30146
32720
28774
3218
24502
23299
2013
28221
22723
21233
16149
4819
5768
30796
3910
19643
10144
19925
9341
15069
1571
8399
9281
1205
13167
17844
18295
7333
16680
3368
19331
31888
27517
1323
32432
4260
10413
23186
27602
17527
20938
28344
26922
26198
18622
30065
3721
21722
16267
12095
22200
10939
1239
5065
28696
23785
31143
136
134
32473
5227
16324
24705
8477
5435
31679
4495
32312
20320
29232
29660
27056
11286
31730
32549
13669
19088
15614
724
288
24893
4247
12653
10351
17482
1476
31528
17073
13672
3
31712
26989
24783
20540
43
14568
11138
23028
26059
16118
14037
6339
23365
19472
15661
6664
17103
23207
11272
16091
15471
184
7997
23107
7010
8097
8580
32681
19131
17971
22072
5517
25932
30984
28764
120
1225
21782
6877
31282
3115
16517
13846
26932
29011
7614
3737
19552
18928
13509
28973
3824
8098
18120
16403
22701
20320
32760
28046
11873
30743
15255
32674
30350
15507
20050
283
13920
23715
19154
977
6881
27000
29838
6187
8812
6479
21731
24034
31332
32336
9830
4615
25893
9397
2681
15944
15419
23598
15644
28015
25299
12420
15110
2347
15470
21885
3573
17683
31709
2561
13122
15080
24169
13946
20664
7194
10066
19073
11174
7310
28539
7606
5683
31391
7523
22511
18162
18531
6487
9366
20150
23087
4582
13644
8360
32349
25750
22482
24726
25164
32469
9002
27534
18601
19250
32761
20140
29933
32461
4144
8240
28711
23308
14827
28371
2812
14224
22938
15196
16620
26728
24414
12398
24791
21636
23478
3236
7871
20588
16218
29408
29391
4402
21095
5343
27036
19364
9917
27665
18860
21447
2469
29864
12853
20609
14520
7919
5926
22422
24060
27358
15979
1494
5967
25067
8813
26516
3337
25378
24025
17753
23517
30072
1187
10458
22016
5213
3658
11816
24461
10896
13661
29991
27177
12087
28734
18241
21475
6447
26406
17755
11613
7329
2921
12808
11057
26326
13308
11261
18062
19532
25396
27846
20770
7433
6608
24503
61
4911
23354
9508
13107
4049
18186
21973
30978
6661
27596
6836
6452
21562
14083
27849
9223
23500
9838
4456
19916
18134
7817
9897
6541
13384
2647
21529
5874
8761
10335
29615
14181
32382
10484
18178
32373
9595
442
3256
4472
17209
6758
2626
27253
19129
14021
24007
12865
30600
16896
11357
1511
3476
24350
127
11085
19262
25290
27836
30997
16816
6743
18092
30146
1905
1025
3624
29212
31030
23670
21690
8917
31996
9621
14675
32108
31571
2677
19516
23634
765
17577
28495
11852
19127
26306
1639
13592
1367
12310
3093
5971
15383
19904
24213
18842
9009
11496
22784
4848
7340
16965
3266
12383
23925
27359
12111
23522
26801
18970
4114
14979
21842
18672
10918
30145
4584
6782
10569
1076
6842
27074
27534
25972
22038
5283
25938
21814
2789
6193
27120
14776
9602
4655
14265
20832
16077
31695
22430
25504
6523
444
9520
31004
2480
7517
4811
24335
31439
21337
32269
31210
1937
15190
10381
11071
22612
13575
10442
20190
15286
28261
26466
4926
11619
7996
31877
12574
16171
7658
424
18027
6232
12643
11134
22629
32574
17529
16420
16638
8467
24155
15772
2946
3073
1115
17532
1149
3962
26868
6887
218
30412
3083
23485
8264
20981
12405
9743
3810
16568
19130
24790
2574
29680
19736
26340
11429
22821
29899
12058
18005
9309
31884
17628
16964
11316
22616
9410
24822
19503
24178
20880
18801
16718
427
13673
13727
13536
225
9023
15859
27035
12230
3214
2127
16108
15586
16202
24102
32396
6364
16406
28126
10324
25333
5302
15224
12370
32469
4807
1138
25372
14218
1709
6892
25700
5070
18126
31755
31693
16264
1790
9627
9213
11926
57
28408
4084
23754
16536
26926
6812
20274
14206
2655
21665
15005
21010
10341
9346
29530
15347
1721
11497
2627
6183
31635
27960
15099
18004
28755
20580
3955
2098
16672
7686
23731
6976
16335
431
31959
6838
24070
7292
27223
15803
17057
21739
8332
17881
20052
22765
25968
12718
21394
1597
24742
2020
1454
11503
9146
20067
25409
24652
1961
452
8139
18909
932
8457
20637
12998
24849
8588
24822
14166
28883
24374
4460
22747
9675
23793
1677
25019
14494
26976
10951
20416
14521
31693
26501
14516
11923
23907
31131
23854
13106
29341
25828
23979
8433
14590
19241
17888
16768
19715
10821
25167
7468
3158
17799
5145
20321
10308
15960
5907
1133
15473
8222
28187
1158
15818
25440
27053
28687
21948
11306
31921
4375
32163
18355
21399
26147
28294
11581
24998
18989
14593
1597
22673
24044
6530
444
15948
5718
23737
30461
5405
5220
26697
7008
18934
10773
15300
20358
23810
12469
32214
18358
30846
5215
27072
4991
27082
14529
12552
18591
12480
6943
9583
21796
6468
21914
16164
15569
4892
26547
21303
17859
15363
26635
3664
22613
20472
876
1953
5696
29660
27917
25
27911
3644
9234
8667
10130
8812
12883
21486
17176
25045
18526
30262
2883
26511
23231
6563
16783
21043
9343
2216
21492
12266
13034
13295
26308
28874
24213
22347
13782
21347
21920
27374
4324
32660
6969
13532
30514
17316
8289
3743
5744
10125
23027
13116
12514
19099
30690
10599
11966
16182
8642
7667
24278
22780
23690
17036
10870
8468
32152
1192
16528
25790
20213
12475
31766
4654
18651
21930
2472
22426
1140
31875
4207
14482
19429
2155
25161
3472
27531
21208
30502
8656
10372
22528
14258
25441
114
1937
23348
22909
5755
3490
23733
21782
29077
10217
19302
4017
28672
23343
31292
11383
5139
7426
21213
20361
3644
17834
20415
16277
10307
24158
24974
17831
30158
8119
17359
16193
28202
13412
1220
5805
21320
5152
17551
5522
2566
2785
28569
17862
18352
16466
30773
21603
14535
21380
21377
11037
1281
24288
15757
13266
21648
30817
2240
31331
15015
512
31863
8387
10555
24175
1774
22861
20999
24073
18020
23387
6354
30730
11642
1556
31476
9211
18141
9605
4119
26481
23588
3572
2107
27639
1020
368
19197
12617
23426
5037
7192
12227
28400
15
26924
32536
5500
9733
9406
21831
17533
8088
21120
29131
7632
9796
10451
18706
15738
14854
27531
1073
2702
16054
25586
10454
3922
919
6671
32126
7325
26925
13096
32232
15491
6478
6533
29641
14388
1404
20855
1985
13602
8050
8089
24206
11618
32765
25686
5760
18261
28685
20651
14636
20615
2060
22574
30053
24535
22894
1104
13672
25305
22154
3295
25943
6776
27816
22991
32233
19168
1115
21049
10079
8859
23569
7332
2234
7417
28904
13444
5931
25526
27075
30976
31179
29655
14494
6392
21900
2517
26142
71
5487
6397
15212
10821
760
21015
15940
32144
17120
32070
13129
5389
2569
11055
6812
6697
7863
349
23212
5221
31228
9700
3408
21009
7540
3653
8979
20055
28979
13714
20686
14460
15868
32211
31613
99
6067
16551
5707
3155
19477
21295
9967
31737
10663
295
25659
7345
13036
17238
8946
29441
4571
13609
1243
32102
24464
3483
7699
5204
5186
8023
1191
2936
13173
9249
32354
30784
2161
22386
16612
16797
1778
9314
30708
23816
9249
27339
1560
23747
15299
8108
13154
13153
21937
19659
16012
20616
24456
13215
1096
31478
11937
5996
12497
3010
24132
29360
12230
28388
24088
7102
20024
3320
17630
7337
17154
575
15199
16995
4440
18151
5027
10022
31139
11404
24676
15379
27788
21758
8386
5658
13399
1605
21561
537
18547
32738
2767
9288
32591
13656
17810
9940
4719
4587
15169
15306
10430
10664
21834
30263
23334
31653
30964
16014
26462
10634
28894
26185
1283
18512
2728
7891
4331
11849
15600
22438
694
25185
27008
18352
24741
4259
4037
9724
9648
10239
900
21902
19922
1354
31688
2191
31912
20358
3615
7850
29242
26980
27141
17077
16921
7175
26785
2964
170
24331
17583
9306
23233
25030
3774
16306
19313
14797
12699
23166
25635
23226
6925
4541
23270
15149
23746
4018
21254
19217
22922
21571
5088
7969
21187
23711
8692
30122
27156
28195
28220
30866
27487
2175
4029
24729
29424
17172
15195
24031
17403
6561
28145
27047
25413
27679
31905
25946
18977
13801
32617
10959
17822
16416
18935
29129
22015
21326
26303
11969
8811
11337
18506
20198
21734
14427
9425
30051
29312
23711
12298
7648
972
19630
10050
18507
8596
13435
25516
4568
14795
14716
26361
24390
8387
5899
5672
31845
17057
23051
5792
21717
2317
32718
380
10768
18734
31798
24870
27306
19925
27419
11559
3800
20984
28909
14397
7728
32611
3739
17582
17071
17834
27827
13021
3328
7522
25034
32283
19963
2960
14366
31679
10605
31074
30330
4217
17943
13341
12378
20451
16121
10583
8528
14937
14800
13158
6054
3339
18141
2584
29253
22608
28136
11173
13781
20542
3205
20961
32038
2935
27030
18358
18639
9285
8721
13010
29205
28650
21251
9629
17678
16433
9429
3438
1542
25417
7118
20734
26145
21971
20954
13085
11074
23354
32138
19875
3884
28739
27227
14506
6631
19429
17979
12794
31590
25178
26697
22725
10342
7798
29917
20885
16025
17720
712
26242
29700
14239
9693
30632
5541
1726
688
20440
22874
3603
20381
12686
1790
2069
26380
12323
15573
20748
20212
10564
21290
19493
22942
29347
9014
7878
17324
4076
13636
13855
29529
1275
6675
19202
15618
6220
29564
22516
20710
6579
28756
13700
13866
333
16276
20699
30496
31414
16055
12437
25288
12412
26468
15311
1943
27604
16461
30593
19320
23692
21847
11791
17681
7489
31483
13594
14919
18386
24812
17820
26628
11796
14330
6708
30519
2760
28470
18366
17181
16074
19543
1063
21696
28299
25436
20351
14269
5056
12659
13136
3145
22364
24346
3119
31350
18364
28036
4496
27315
16162
21310
4063
10130
3685
19474
2252
19663
16359
24620
11750
10125
1734
26235
26987
27618
11863
1626
26974
25494
7632
31856
24795
31272
17476
9940
29608
18962
213
7285
12
3918
23333
21434
15076
8985
8205
7269
20979
25847
13970
28861
2170
13559
16660
25068
520
25400
24265
9126
12180
14508
8554
31499
4809
32028
2860
5327
19361
7789
10482
1688
9269
23841
7361
32679
3796
8737
11380
27835
19026
25017
10417
4914
8354
12260
16411
26482
29607
27082
4809
8839
3144
6279
6648
23309
24515
28974
14332
9553
16195
5645
1149
32435
9652
32051
10463
2127
6102
8240
24834
21724
19088
22812
29740
19923
904
4315
14915
29652
26608
8862
320
32327
11683
6317
26336
7743
25200
9829
31388
26787
15797
892
15324
11151
12336
3213
18536
13048
9747
19664
20255
16527
12118
21800
6891
15080
593
1124
18932
22492
3210
9406
1300
17964
1484
680
19340
6758
14713
24777
9973
781
31264
27970
23417
2036
29522
7221
26690
22763
19890
2952
27699
28573
22860
21478
17110
2233
12840
27399
28054
14416
4894
31538
7471
7551
19179
21504
28514
31053
1925
22626
13549
11478
27564
3557
21434
25258
8898
12597
6487
26480
26332
29664
4518
30159
11545
18269
13782
31118
27699
22861
1937
3577
12627
9472
27767
15239
30506
15931
24012
14523
29501
14649
16493
12872
19840
21487
30985
24184
30247
17557
4237
24526
3513
20833
31968
15083
4966
5526
25041
25518
19866
6077
24142
9631
8402
5426
14806
27534
18607
9955
1584
10871
10056
9045
2398
29609
7877
25064
973
29223
10538
17243
9934
22351
8816
9106
20298
31417
30938
6295
22704
12642
14214
8928
7219
8202
8003
13008
28723
3290
16802
10111
15352
29770
21072
10942
29606
25922
8866
3670
4205
26751
31602
3729
22785
30521
18730
7676
3658
17667
19998
7786
20572
24818
20255
11068
20393
29185
28236
22752
7797
4788
10284
3480
13963
4092
9978
22397
1839
3931
24640
25539
8019
24648
12456
31550
18446
31957
27150
10277
9033
32143
2009
26903
8892
1190
32140
5467
27417
25678
21400
22124
30598
1124
1653
23221
4433
19285
23536
9625
28639
3644
8903
8374
5350
19530
4211
21099
14556
14699
12613
23959
23472
23590
7860
11940
19895
17093
28662
31173
17641
5047
6349
28283
21069
32050
10916
17502
19378
18461
11226
1306
32160
4652
31070
14264
14734
29517
26236
20767
5205
4675
3830
3546
26853
27792
3927
6427
29495
21913
6020
9472
6019
28933
2964
22550
10674
11366
9953
13340
18710
31771
21855
23049
9305
24437
14125
20304
14771
28696
618
10338
26464
164
14154
15476
24658
3733
23145
18051
22819
2920
10591
6038
333
16640
32148
15940
7325
21831
20822
18293
20709
12568
6952
31853
31730
20061
29533
16902
9661
12660
14310
32060
25317
4568
8809
8431
15197
30205
1171
18661
26978
18043
7854
1551
1201
7279
17526
16397
28150
20254
17448
20467
3719
1244
17373
14414
16466
19245
2326
7778
29205
31273
24216
26806
23501
26405
3194
9939
22384
10895
5756
9800
12766
32026
13466
22769
2069
28699
14817
28793
1189
1331
23938
21278
4453
26927
6693
19892
20835
22060
6015
9965
30497
24831
21031
30679
19198
13780
30117
28070
30194
2068
7372
22708
25726
14733
27723
11462
21987
31949
15230
22161
27539
30414
16266
2685
19685
9177
27816
28840
13068
932
449
21038
29002
20670
29244
11176
19809
18220
8724
18674
15435
15957
10285
20018
22314
6683
2792
21013
7298
22347
10997
27996
20902
14135
20584
25496
6256
20129
3599
18737
3381
31707
28419
19117
248
2093
8830
31023
9182
30839
6636
16446
13282
20759
19781
26824
970
20749
6553
19815
28250
26717
28141
9186
2503
28085
14917
32759
12143
22352
21762
29528
11206
31514
19054
28403
10900
6677
19094
18806
13150
15099
10584
3859
18977
6181
9404
32385
2119
9387
25992
22339
16851
27853
28174
23852
2783
21906
27465
13603
12616
32686
7208
32548
32424
20905
17194
20871
22148
27966
22059
31109
1223
5122
24702
9464
20591
16198
19259
22882
9863
28477
32730
23601
29013
30050
6401
28737
28628
15892
5531
3235
8549
23939
16938
28829
6593
25552
19550
14577
20786
15472
13542
23138
17667
7378
4998
9589
31796
17985
24938
14197
17523
7947
15802
31929
15176
26339
24686
10282
30608
2692
12132
17407
26412
23191
10671
16331
13562
10711
7475
8122
19204
5747
23151
12567
17656
691
23193
26642
26329
223
3056
19137
27635
13917
14414
3428
16916
31257
14844
17389
1273
12842
29387
19648
19975
13490
14688
22711
11324
12293
12496
13417
22628
24078
15981
13996
31120
1775
4575
30808
3524
5864
29558
14670
19184
19322
19646
5817
3105
15308
8020
30356
7929
16461
24057
19565
1373
32155
23525
7016
32621
5796
18013
22918
29113
18955
23688
6183
31665
32461
22911
5582
21086
1060
17571
7461
13136
2219
7219
21825
984
3267
3614
26406
28791
21558
13077
7310
8341
6939
32741
23526
21110
4602
24836
9626
29547
25904
13417
30354
2117
21396
5537
13309
31247
6234
12320
1101
6909
11320
3029
14722
30623
8648
2049
12460
18522
8494
30792
19115
5913
18170
6153
25146
27968
27216
18411
25388
7650
3654
18872
26356
51
653
28271
31339
11840
30548
27284
28878
7133
2153
17611
26630
6623
929
4773
25133
6540
28283
30650
6221
17488
3840
6904
27243
15282
31725
1594
4292
5509
30740
9244
29270
26723
7424
20494
17570
31831
6360
11432
22705
29658
901
13374
14677
257
3863
14259
32433
31476
5989
16274
31483
26530
21748
858
9345
19891
14107
27418
24810
25278
10596
20286
5567
27069
18484
27305
8746
21950
18607
13060
9725
1243
6102
2901
14837
10091
29938
1235
32065
10106
2870
8697
7230
9335
20128
20441
13445
22317
8224
2483
14887
29173
31996
23238
16951
20777
15731
12902
22153
4059
9889
15951
14010
21703
21410
16185
10864
27527
14842
2988
18659
32262
19764
13590
22941
567
1482
795
12926
12295
20293
14636
14082
5008
8613
23131
23751
3983
18947
24429
22857
25624
9845
4913
23792
3464
22834
2321
32590
4028
14071
25063
16545
384
29865
21266
17568
27722
22587
9160
10868
21545
28882
5293
9732
31736
6695
26021
15989
14807
20269
28135
22001
28636
4085
31316
24232
32005
24270
26118
24853
14961
6320
8491
14211
22736
11483
6676
8911
12825
30651
15497
7279
25467
17679
31584
2483
17301
15690
6222
13387
2281
16953
7676
11274
13454
32487
16477
30186
5414
11966
5952
11343
30224
24558
26401
29840
20191
13587
27717
28083
1802
27154
23558
31864
8676
8259
4203
6298
26319
13782
4603
32593
22957
11375
29651
28443
6040
25364
13815
20668
27603
10057
8678
29059
12544
24953
21873
13008
21139
24728
28620
21203
646
2311
5350
12950
30543
27320
15094
15678
17935
658
30294
21646
11532
11031
14229
26284
25185
68
12232
4392
15092
15032
20256
30010
15785
17945
4546
8523
30421
5812
3794
13239
8182
611
32209
6866
28577
8372
9770
5673
9659
30279
27911
23818
10220
28536
30057
3654
16977
28222
1656
19765
24689
28499
