23945
23600
22145
1326
24313
9239
4463
14016
21617
4453
7075
28681
13863
970
15648
25549
2915
18108
12177
20705
5172
25698
13718
3123
15203
8113
15452
27658
25765
22997
15216
30862
27412
26322
18133
1418
25568
5483
1876
6513
31042
28227
3347
17823
29106
28226
12393
21474
14170
16442
29937
27961
29642
14794
8925
7643
5101
8067
2701
23163
18492
29770
9825
27339
21809
22525
3787
23871
18431
14682
29864
26643
25472
24348
5584
23439
22895
3174
24555
2442
9175
17509
13703
17965
4811
28978
2408
26105
25176
29173
17439
23819
27832
21584
10207
25503
19656
15611
9867
17364
1213
17323
24083
13487
32018
17977
12033
26209
28612
30464
8527
9165
5058
10887
2940
11589
7327
10336
12255
12436
25227
847
17466
578
18049
15535
6034
31763
9922
14098
19006
9425
30593
15400
19519
1355
21472
6626
5583
20126
6939
6870
20028
13747
28163
24038
21751
10249
8367
20764
24808
15797
29806
21465
10757
3239
11775
17455
20771
16686
23557
31627
31244
8127
25013
32407
19409
21490
6610
25694
19298
12493
9691
14514
17499
17989
15747
24010
13345
28674
4705
12592
27438
16739
7145
30683
22697
29378
24475
21911
13370
13305
2426
21422
31260
2084
26816
15041
28020
3753
