24037
29644
30822
19739
18209
20883
26076
30356
25189
28915
2933
29915
11159
5515
14437
19496
155
9727
30669
24036
29894
412
8149
2923
30870
22847
22267
30225
10656
3954
939
99
24265
25561
23055
29871
17593
28109
31784
29894
7821
10822
24606
5888
32460
8446
28884
21633
3229
25811
7360
11451
10551
29549
18170
8756
2456
14370
20114
29833
6266
13846
8231
15284
13443
7591
1461
18570
7868
20744
10415
28295
11588
7211
31310
6862
5702
9189
30248
23660
26408
20557
29444
16861
31749
13925
30189
12241
2910
17660
15237
5424
6668
14546
27548
8283
27513
7166
11009
22965
16912
21645
32664
18274
1010
1644
15021
32334
6123
19592
23944
17521
3748
3379
11330
10322
27674
28106
25303
12746
9550
10644
16507
4107
9791
20462
23858
26848
29717
11685
32155
11575
16287
26020
22796
5852
31743
31951
1508
13191
19876
23854
29
8473
25977
5198
32289
24355
7260
20708
2015
22952
25298
25524
1053
4388
22777
18353
12304
972
8894
30054
13610
15384
19535
1428
20787
10367
21204
26397
17563
8321
9562
11296
31503
15083
12815
12902
8778
22871
21429
11005
9006
3314
13137
17698
12563
14466
29219
101
25439
5031
12251
27143
3414
29536
16650
18855
18484
31698
10711
285
25465
8005
12531
9127
12165
3696
7887
2115
22116
32246
32012
23387
14059
25904
27187
29607
30212
6701
21926
28240
14918
28407
14294
22097
17865
13336
6839
23331
25144
17501
1649
23193
21287
32218
9817
16905
17063
19502
14879
2732
23576
10249
10056
21831
2367
12267
16095
26891
1433
15918
2920
6586
15342
8262
15126
22796
8744
21320
31294
30545
1894
27049
21002
22359
2125
32328
24434
6542
7582
22703
30312
618
30990
9878
1363
8201
9298
28329
19647
29462
5753
8332
16211
7917
13182
26139
7683
25856
27166
6646
9351
28537
25575
1853
23051
12065
31634
22168
23080
20608
28050
19579
10771
3142
30445
15528
28180
22249
22091
22261
4922
13200
25420
12623
16718
11824
12319
13055
10501
16628
26961
17708
633
10467
26594
27809
20442
28093
10654
12497
14433
8485
9130
29720
3974
6405
9054
8516
23667
10543
12626
21076
30136
8256
10940
21632
1344
3018
1273
11641
2180
1970
28521
1521
8446
7382
18304
7518
18657
29427
4890
11003
16391
22983
29967
20496
17707
28018
20488
32628
28504
23074
2961
32336
15265
751
12143
25125
8979
4100
18739
12305
19688
10240
20495
334
12541
22684
31465
20731
16007
29325
15534
22303
23297
23724
23273
5355
19817
8788
21140
30271
27051
16651
32557
11376
4190
31077
14349
9801
22190
10022
22518
18767
27289
25767
25323
20553
1887
32123
15940
29440
3635
29777
12033
15172
5943
8220
4703
11055
3751
9330
1193
6318
12884
18738
27217
25148
853
30058
3903
24817
32761
20856
20585
15292
14848
21615
932
32749
7434
16572
4537
8950
31055
21513
30396
20850
9873
11873
7321
12134
21327
13461
17392
28103
21564
29151
28451
22845
2031
15558
941
17959
8924
9025
5557
32223
30595
25119
4578
4415
3815
27558
14706
13412
9538
16763
9350
1969
24311
9666
16064
29207
18888
26501
29200
28820
32329
20058
29643
32506
30100
26944
26622
32242
26431
17611
20225
14912
17291
19585
29007
31049
7646
23427
15764
11986
7028
16496
19720
16394
14929
14470
508
30667
1146
9738
29874
4125
868
1514
8818
29948
1965
26786
4826
9307
6410
29276
26486
20328
8833
9819
2449
8466
11992
409
27210
19912
18765
10415
2282
20612
22151
11510
13172
30985
31181
11500
13694
12137
23158
21465
26944
4297
23968
31922
24299
18792
10277
31805
3644
20446
31947
22134
18000
26018
19131
25394
20410
207
53
9730
29907
808
30081
23898
25681
25177
1065
3314
8731
9600
7781
1901
31324
23531
31447
15161
10966
28963
10360
18102
13946
554
7891
6042
5941
6146
7793
6548
16908
27502
30100
14383
12651
5629
32040
14330
27066
21571
25078
10982
11314
15722
3611
1007
19439
5098
18104
3582
22854
5012
20972
18958
5976
24789
14591
30862
28647
32057
31456
20999
22889
25902
17106
13055
25435
15115
30562
16157
23768
9040
13724
16270
18794
13871
3198
16550
6176
10828
3245
13003
20705
7362
103
4751
11263
6758
24505
23580
18447
20047
21746
19925
29177
31126
25943
15930
13131
6234
4632
2316
6867
22535
1411
22450
29548
17112
8312
18652
23832
17563
31773
15206
31823
27829
13266
16511
13207
4453
2920
30986
6997
14413
17805
25156
11235
26670
16011
21928
19938
18419
7987
16400
17618
12017
15379
21532
10208
2669
29936
15319
23806
15454
10352
3480
19001
22389
4118
2087
12615
23643
6259
23073
26976
23610
2459
30878
27472
9342
5079
18704
25545
22493
5273
8815
16381
6292
10165
27027
26732
10228
22733
19681
7675
7966
2317
25385
11591
9483
23833
12751
27704
17871
18244
24105
13785
20254
515
3625
22631
22031
3745
15420
10664
18976
3124
625
13693
14714
31439
8414
15035
10871
16121
17216
27191
11874
31070
18913
7200
4478
1733
6591
28562
19529
15426
14314
2151
6657
13229
13358
24401
22632
15442
9970
22566
5317
17386
18016
4730
27179
19403
22214
10355
5373
15963
31292
20441
24498
14538
9096
4461
19670
7425
12350
2684
8785
32725
28204
27827
14828
18305
4084
12341
15121
3667
21755
11243
8658
7589
26754
2075
14126
5391
15379
16189
24207
4571
24863
8458
23702
27321
9701
3029
31515
21428
31125
20510
11888
32357
23478
29285
8166
2663
23237
16188
16787
23051
26143
26016
20306
8012
30497
2953
24842
13573
21901
4288
29236
6241
31535
29681
663
5779
23233
3585
13398
712
3597
6049
2861
2138
12113
11556
12536
27975
25063
17549
25461
22753
20005
18925
28490
29383
5251
21996
23626
28179
31739
12965
12020
21717
24502
8887
25404
10177
8164
7832
1167
9764
6636
31789
1809
21021
27589
13464
17961
1289
1699
15442
19519
10303
21719
8569
18372
26110
30448
25707
20851
26275
23591
16019
26583
28191
14842
19331
17422
28073
10006
18499
27596
23984
23930
23785
9379
29716
26586
9322
11393
2709
15937
26288
23418
18828
5627
14573
4807
27353
26802
30766
7439
10524
30423
21043
25574
12072
18756
20606
7828
7092
30239
6570
24087
27988
11521
23806
6763
27304
20055
7234
9480
23251
4617
18385
9389
8751
346
24816
32348
5952
18448
5726
20389
9190
8404
3885
24104
1750
24795
22479
8278
18762
26310
9588
17271
15608
28871
25492
21233
5697
7686
16327
25799
30380
8003
10205
28512
31634
23228
28203
11402
9499
1873
2083
11710
10601
742
6952
1446
2066
26633
19360
10972
29140
9940
586
30709
22660
9493
7121
27838
15176
10669
13986
5317
774
5942
4859
14107
796
14825
14661
13145
29266
11454
23204
12257
28684
6612
8140
32102
27077
23060
23062
21423
29880
14354
19155
19351
28640
23091
29920
14937
547
6165
11387
21002
18635
16171
22868
11111
18997
2728
7911
7377
205
21151
24330
662
4666
13928
19138
23666
1749
17989
30043
25686
5472
28741
7608
615
22261
13417
8679
16970
30524
25606
20728
11679
13537
28778
3856
12235
17989
3266
32697
26363
30324
10044
10876
1638
3672
32104
19890
11730
24108
20452
21399
23129
31538
31032
7584
21613
1449
27647
6671
16154
2810
23624
22468
11403
22578
6203
3158
23504
20660
21504
16482
990
7472
27868
5667
20439
18127
26525
24131
28812
4784
11833
28401
26433
12696
20658
28980
28080
6117
19772
6271
8016
4548
9122
30853
18390
26532
14310
27982
31484
9963
18472
18827
22914
25319
31176
16167
10099
519
16847
13854
6058
27467
11403
1426
28820
10233
18554
17180
28216
19858
14442
7264
1396
17412
12509
28388
27785
15393
25778
4642
3290
27216
9474
2011
16880
22914
14409
1711
2498
27240
11462
4843
2611
21220
10788
6562
4061
12733
1625
16895
27149
2710
8655
26841
18446
15905
20161
31368
31659
21136
18409
7927
17647
8268
31320
27643
2863
14058
9893
4579
10059
3675
7497
13905
9008
22626
6730
29000
4769
1611
1047
8325
26936
22235
4531
1299
29095
131
7190
24346
19012
19416
7889
31736
2757
12872
11248
27282
30535
21765
22308
18924
25750
24646
23586
26104
12712
11951
1094
5804
31338
16653
3964
5463
26560
24135
9312
15413
16582
28562
2980
25665
8541
27875
15026
21834
31203
28074
29075
31817
15425
12733
28688
23538
23083
13970
1559
27529
30883
11442
864
22519
31935
24938
19023
23325
21933
28868
2589
7528
10228
21430
25651
21926
15868
7832
214
6936
25041
987
22281
7624
1060
28409
11183
14620
21651
19368
3057
5292
12074
19795
18143
18257
809
19146
10842
12414
5895
569
1841
31700
19896
22871
16522
752
20780
28127
27268
392
17944
2628
15386
20406
27896
21153
22603
5779
21589
15854
12919
13064
67
12154
4621
15073
11055
17557
31075
22563
983
10893
29669
28320
3226
4317
3954
16328
32754
2976
1283
194
24127
31308
21646
5820
2246
18076
22570
28031
3577
4046
4723
7238
2809
5647
15408
19664
18009
31284
21811
6324
26661
9642
15489
20725
29474
28336
5043
25558
25432
19651
29084
21743
5582
12634
10284
31617
23957
22740
8596
31495
27143
10159
6315
10765
25169
26618
12433
23365
23087
31501
12178
15576
1015
21367
24909
16890
17369
19256
25621
19137
2149
10801
26007
32311
3149
28888
4797
2734
25965
15152
16083
16467
1288
20473
1513
14854
3413
12323
28280
2153
8250
14985
20040
4919
2903
14300
30352
9432
30022
25309
27488
21554
28705
16592
10812
16577
5445
24109
17417
21738
3670
17304
20014
652
12164
14099
28403
11737
1804
7539
2348
14948
1537
4112
19228
28282
9804
31425
9364
8374
12786
22024
26715
25552
3989
20873
7378
9398
14398
705
16344
28382
14937
27636
492
19162
28161
28519
15505
27437
15998
720
10231
7005
11532
14091
5079
9545
28894
26638
10143
8381
22627
10527
28111
24900
20424
16709
11939
30269
12478
19452
24050
28977
16253
21036
8278
26212
30985
28508
11149
23466
5812
22307
1567
6524
27364
20192
27201
4683
31510
28587
20474
21524
31523
17548
25220
14389
3522
6378
25845
17791
28239
2886
18975
30860
26571
14377
948
26195
15651
4442
19630
27897
26293
13653
29421
26347
18704
23289
25634
5161
18683
9601
493
11749
24762
29877
322
22604
6796
1377
22801
26276
5240
30215
1062
9623
29001
977
6734
8142
23256
5065
1211
4290
31113
23628
20905
31183
1304
17084
27458
3467
21142
16758
13759
25941
942
27140
22737
13617
15149
22419
14399
29139
31426
9639
24528
7417
3585
16141
26219
11262
9902
6418
3197
15532
3641
12018
6555
3155
4229
20883
15721
25879
1005
8051
30650
30094
4745
14559
19448
18059
10413
1127
17351
17204
11443
6030
1253
1883
25595
6086
32340
26635
10543
10139
28860
27232
22476
13358
22027
7324
4318
14053
27742
1400
15627
16225
26660
7608
28626
22960
4480
2050
4117
9412
20720
31472
27093
11556
28461
4452
3390
24546
3154
29980
7907
10701
4671
6022
32074
5863
9792
27861
24491
1562
24042
23892
20981
17702
15174
24826
12818
10462
13362
31039
4716
30100
18691
32047
9648
11218
28271
27581
6098
3403
20139
14425
30801
28176
9680
17861
6588
9735
15747
804
2677
13978
19413
24404
2741
30892
14696
1661
9168
26321
4820
7658
17594
22462
10568
29208
1994
15614
9845
19213
1471
14823
6055
23275
23041
9933
13365
31429
15401
21621
25372
10673
21186
9164
17383
543
9041
17881
16082
6505
17300
14321
24622
32171
12296
20522
775
17876
27565
28178
3845
26621
19725
9120
19856
18938
7291
27242
6711
16431
26521
14617
29267
28325
11805
3354
10215
16478
19412
15511
15307
26853
17383
9382
8970
9256
20829
1984
31624
10378
24801
12404
29672
32565
22469
11356
27308
13997
19528
13137
2206
9131
4884
3803
23151
9256
17931
5611
11679
6328
10307
4301
13468
2073
2895
6488
13870
8460
6593
19304
19474
3683
10988
22926
29926
20828
1007
23045
32069
5677
10735
24552
1074
14048
10659
13475
7866
24673
30742
17832
24277
3542
20648
6755
16782
20014
13398
26223
18531
2045
28220
3082
16879
12167
16728
8902
1478
8986
9105
22146
10145
8610
10744
12953
26043
3959
2637
11609
22138
32121
21957
1975
6482
9823
20746
21824
3815
22092
3460
16467
23665
28835
10199
24206
15973
2077
20397
10630
28242
15641
31925
28603
8200
22067
29932
20939
23040
18199
2075
8165
11512
6552
9376
11137
3806
27900
10610
24910
23791
32666
6496
16236
18720
30376
5017
31708
14013
22606
13681
28469
19024
27646
18786
6040
12484
29960
26449
18405
25034
31593
27155
22319
24956
5860
24112
25710
17728
28757
19943
628
32752
27969
3698
24611
14648
14769
29323
16604
13375
9281
1582
22842
2441
116
14241
25601
14364
842
4530
849
20961
19989
27456
16928
18254
7048
12284
18919
5698
17169
9841
8346
24624
1641
22338
734
11136
23913
31155
11895
21554
13343
2411
12543
28613
20257
27001
3806
10327
18977
14484
22134
21261
25794
15015
29598
17845
4522
31629
22354
12202
31704
3864
18344
31224
30264
4697
27654
29377
2421
21019
27027
18400
5135
15025
9195
5323
12461
29938
30231
1982
22196
21633
30652
25110
26904
31570
8850
22523
10099
22121
27672
4929
13652
22501
10119
23952
11225
4670
17412
13763
27008
6347
15129
21647
5178
18823
17254
25701
449
25620
7060
28825
31276
4608
395
20419
2241
17480
10725
3430
20234
2586
19362
5839
3627
17631
5149
12096
23154
23929
5950
28494
11568
24265
4082
21384
18631
6517
1240
7769
8965
13544
9534
4400
18864
20890
29259
16605
30050
8337
2173
2367
16023
5160
7511
25628
10501
3599
1363
10064
31020
11923
22046
28202
2093
10527
30980
12819
2527
16899
16809
22128
31008
22901
23803
11210
7785
10197
11364
11820
25766
3894
24900
717
28740
9753
27806
30959
11403
24443
5906
4615
17198
29715
21771
21790
12832
28885
11065
29047
29610
3770
14146
29810
27835
14275
12468
5808
5503
23868
30271
25720
4146
830
31521
17754
8759
9591
10465
10002
17252
22829
2368
20399
14241
20609
19565
6900
26289
8945
32632
9982
26191
32545
1801
13351
27261
10715
12882
15403
4121
28244
31298
1161
13745
25521
16635
12332
22168
11209
9607
5195
7225
3885
16326
21646
6572
6758
22699
2674
25991
8317
29352
31726
1527
18113
13927
9559
25359
32196
6075
6785
13151
2983
18134
807
5833
2967
16828
13964
21392
1688
6648
14947
27058
2433
17037
10476
28792
23624
31279
16993
29259
16000
9651
11664
15049
19744
11973
11209
19224
30086
15065
17402
26746
6588
20068
10521
31010
18937
12363
24514
9031
14187
8603
26402
25206
17459
15740
26899
1836
21682
5472
13704
21668
17923
23936
3372
12526
11720
15753
32582
6977
18218
6546
24288
23698
12571
26450
4904
9829
25054
25488
18198
5092
29642
15322
15439
16686
12107
122
17738
27889
30249
29350
10929
22587
29709
759
10
22669
14401
5149
11158
20530
7351
21968
9593
206
7757
19465
12828
27706
2639
22131
7120
14223
9533
19484
12212
17537
11983
32625
472
29935
26423
15977
15522
19639
31142
8960
32625
26063
28689
18407
4225
27282
5173
13690
26127
2647
25049
6898
19133
7240
28243
10204
8503
25714
26957
6602
2839
12056
6857
21064
30470
13901
611
2321
23076
1474
31702
28291
6315
20700
3266
21073
25039
28425
16301
8824
744
29269
12359
22132
30162
3128
11506
6835
11924
13490
4481
20554
27713
18330
16192
13543
4380
3124
22069
18182
17919
23297
5030
14952
27902
21979
31196
4289
10055
26177
9510
10930
29260
30191
29216
25846
8229
5553
22836
5600
12079
1658
9058
32517
17658
22704
23613
1846
20578
5579
9526
20657
5883
10270
19997
32663
12723
29940
22245
17569
15538
23775
16040
15
16005
5709
17386
4322
2684
5724
31266
9291
8784
31728
22647
6499
23305
12546
9671
19740
18719
13883
26093
25208
14304
19649
11332
23289
12305
29265
30567
4952
20952
25486
31291
30842
1498
6296
30256
2207
18848
28641
2755
29917
6975
31548
7752
30413
18488
9015
17382
11908
9117
5291
17123
7364
26485
11409
8993
3444
17762
22039
25321
1614
27265
3828
14824
3544
31378
1528
3447
24213
18009
2023
31264
23164
16707
11911
5725
21161
31309
1528
21154
30547
7202
7236
6814
1022
14467
12087
7103
31729
25324
27761
21748
2795
24181
30649
21430
24082
25334
11156
16969
2348
15726
18454
11071
19473
20390
1017
5695
19552
13073
13292
25092
6002
759
31789
32680
140
4562
16474
29475
12121
3577
17797
15631
29335
22907
14982
4526
11024
6478
6805
301
25292
16297
7704
29994
25733
5550
11705
10101
26459
2124
3004
30227
8905
15460
10127
14473
24280
11818
20387
31319
21650
24527
13691
16066
29370
23389
30723
12758
23226
3042
10274
27308
10717
12752
31634
8937
25278
30372
8688
1927
2817
25542
28687
1752
20800
16560
21906
16327
20296
7251
20666
30306
15494
1462
21628
12693
9404
14305
21719
26168
30456
15609
28004
21325
199
19628
22063
29570
10662
27088
6853
10238
697
838
18318
89
32448
7205
349
17388
26182
16148
15174
8268
23579
16632
32432
8465
1541
5840
31146
21724
11699
17116
18307
17304
28146
7429
10132
6655
16420
31353
5729
11872
32237
30870
31969
17056
11055
28425
27161
10112
7225
19767
2800
9501
19515
26332
21566
19645
30717
29681
4902
6088
20689
18388
22438
30741
23495
931
28012
15719
20767
18408
22251
29752
4100
10620
32431
8629
31351
28069
4845
265
19849
20866
16223
9694
18893
24745
14670
10273
16397
7950
20977
15622
22076
2599
757
24909
6316
13645
10589
30915
11137
1382
25228
1803
12390
20417
16288
26014
13438
24641
17154
6929
15005
10942
23611
14231
13753
11176
22026
23238
1947
15341
27315
18078
22490
23581
29337
9159
22282
15053
24847
23322
16945
31289
876
10339
14970
31021
13917
19045
17710
8997
1408
29727
2015
2995
26926
25422
5351
22817
5784
16435
23569
16983
5653
10902
5013
9216
5050
6155
11594
28905
7724
26484
11287
425
18354
19911
28074
1927
23950
18
15469
9880
10638
16060
15798
31528
29150
9741
4159
3675
11040
26608
11989
32276
4286
21240
27476
23574
6015
19106
5586
2154
28249
5338
9243
2816
391
8384
27998
12441
13275
10923
20005
28387
16980
24942
18570
21478
1523
28891
29864
1184
1995
5510
21841
3820
7000
7628
25855
4777
29457
31763
28428
1559
25408
20050
2341
6532
18194
32469
16636
32297
15338
25146
21053
5199
9979
30400
30916
17590
14614
10433
13069
2358
25792
16508
2283
26791
31368
23832
10877
27135
24472
8422
31582
17082
4745
29415
24093
17535
29308
31118
21485
19968
31846
12998
17565
17186
29355
19767
714
20574
8943
9925
24659
32102
15912
5210
26381
21260
30456
22246
2488
6240
23099
24996
24882
27417
5596
21918
18923
14135
8684
22131
30105
20966
32757
7256
17709
15268
1163
26461
32517
19878
24357
14322
13667
22136
21547
28841
28958
27109
23888
17725
29847
26646
9250
6868
10991
32766
2783
15745
6007
12533
14219
3853
22888
4002
21823
4855
6101
21023
32708
31673
27101
26456
3425
7501
3877
7604
10992
26864
3206
7416
32311
22054
258
14184
17014
23806
18173
22063
4925
26007
13737
1280
22912
20707
5827
24830
3821
32427
9341
28377
19325
29907
9147
7226
20810
3040
28289
28770
2720
17591
684
12302
11862
11175
26849
30877
32351
27818
1988
5748
21660
31976
14186
6818
29172
32125
10512
29632
17319
15228
30477
3611
4831
28980
28933
16150
21129
11442
30816
32713
32610
32647
250
15086
18005
23499
2588
12798
25860
16993
9132
15767
30885
9853
21408
27937
12047
10852
28600
18865
3604
6515
16237
16429
17682
17251
31269
30386
15557
7371
30120
4402
22879
18662
6359
10594
8923
28823
26268
32211
18318
2730
13597
7262
11519
31069
25909
3014
760
8479
11812
14489
3293
23703
20869
10583
5437
29160
19329
15830
16295
27956
21315
32229
11455
1119
16299
15152
9360
26645
9287
2660
15140
9742
14975
22419
9042
144
27407
6617
9176
24374
3003
27200
25258
15601
9533
481
31369
14156
21891
25420
3798
8948
8727
13098
20905
18807
20191
1057
12318
13388
3334
6648
6383
10516
5690
26620
4424
15135
2072
20130
3030
5682
5092
23661
13858
26247
22142
5650
12317
534
27793
2523
25083
14099
5902
12873
25669
25528
985
27645
11818
15172
3778
728
32279
23620
3766
6754
12423
7185
822
30056
31003
11162
13833
24810
12781
31075
9518
17972
13602
29902
18709
10314
29886
5786
2831
4233
17596
21161
2
11916
2911
22278
15201
12109
19395
15398
20059
3980
16055
2670
18259
28021
28111
14582
17809
7549
1204
2445
30007
1677
19647
26109
1910
2402
1734
8848
31489
30516
5942
18898
18626
23445
14434
21913
18637
7581
10011
31043
25490
15428
32129
24895
25430
10767
12312
3023
31204
3055
24863
7947
20095
24422
32285
24618
10268
19435
23484
12285
1998
9104
17370
12476
18306
22242
10718
30981
4332
24592
31048
30754
16577
26960
12941
28555
2599
12927
18977
9643
28266
31239
32213
13799
23792
27910
5219
8669
3951
25261
15175
2025
30301
26342
30417
8942
18856
22585
22649
30547
4520
7408
28530
20811
15442
13177
10114
30810
4782
8717
2576
15381
8843
2447
5503
15913
28785
24503
7866
7582
1495
5231
28944
26461
12182
9853
8259
28656
158
27491
16603
31370
27879
3715
31424
20807
4267
2951
10760
12980
30675
10240
526
14482
31151
12365
26308
7127
31977
31679
28746
31222
14268
31739
19647
32608
16481
23455
29783
6987
458
28712
25517
8370
26771
787
20571
30877
23606
13890
3017
18850
22654
1954
2114
14508
15166
14347
13389
9979
6722
6503
8250
4460
13702
2071
8699
29947
22950
5010
27445
23686
18070
6735
17815
31700
28307
23782
26987
31701
8537
19570
8810
23595
30615
6201
14037
3562
4768
16015
17601
11164
1123
9463
2483
29321
29597
31628
18540
24885
20557
28575
16646
7977
11369
29090
28480
4598
3279
4676
791
17272
18046
15070
18326
32088
15366
17678
27630
15828
3901
13729
25289
27075
6964
7863
19420
24531
19049
27937
7099
20758
7486
9486
30194
701
29866
20967
27985
23843
29999
11639
7815
27661
5644
16975
22771
13360
12467
3433
18870
499
9341
25355
23821
5495
25245
6894
18910
20436
30291
18336
31632
17830
23906
32039
20000
23241
17603
27367
20593
19296
32155
19654
228
17948
15979
30605
14377
31675
1158
1169
13909
18382
10697
24724
1588
22208
646
16870
10976
27924
6081
18895
19346
13294
20895
21810
20921
11989
9755
16490
11593
16055
8187
8824
13142
22061
20994
17248
19169
17153
2664
20944
23538
12526
23175
7171
13543
18854
18135
20453
23051
5658
13084
1656
29546
1269
24286
7798
19684
14953
1562
10808
7297
3375
31287
29910
772
21705
18235
25232
31427
27915
14655
12396
10421
4825
22049
22305
17357
32306
8056
5428
1670
23918
12493
25697
24256
5571
3592
24124
20426
27918
13864
21528
15040
208
20023
7720
279
11895
30845
26084
13686
20704
11253
28590
20167
30489
8189
10166
4495
30827
8273
30235
9082
2456
23866
7763
32059
14177
3075
11724
11922
27211
27565
15827
10414
22435
484
3254
694
960
9265
12837
27811
14728
8560
29406
17488
6966
8069
30602
212
12378
331
27361
26639
5408
26829
17173
17027
11990
10681
14958
357
2473
16401
15153
2804
17327
7972
17095
8458
10539
27837
27
5617
26124
31898
12612
17271
28854
8223
1124
30789
4613
7756
32720
20332
11919
26605
13681
9793
13610
23568
17770
9323
22191
12476
29690
2618
27389
21472
22180
14651
10048
22666
23694
11017
2419
17497
13864
19045
7459
20789
24589
25225
32118
30525
21806
6330
14445
21249
11309
9245
30566
15346
9223
14283
4325
7959
25590
21287
26515
29185
29334
27760
14983
20992
10310
10642
19141
9111
8401
6978
31236
17966
28750
11849
18101
12295
8004
18208
18752
1651
12818
15294
5777
1606
16270
8110
11219
20616
23277
5732
18299
28525
21731
8145
21385
10119
6154
4917
17674
26939
9352
15413
5346
30322
28397
20013
13768
4240
9818
8647
11154
17066
9704
28877
10163
7156
5447
1083
20226
28280
31910
2201
3261
26126
20435
31879
5837
2952
13476
28058
1867
2093
2197
30566
12100
15721
27058
14556
1721
1218
18104
13271
24042
11278
14967
19185
13269
483
13946
20891
22009
1616
16618
25197
11615
5066
18864
28602
23771
5225
23258
17000
5264
5973
10304
23294
16050
23163
16999
26879
27024
7300
28837
19575
4817
19207
30342
21971
14333
24829
18543
14325
20544
2422
29569
24712
4971
23179
15552
10897
12860
15508
15221
8007
25567
20891
29393
14629
27828
28944
11986
23869
595
3005
10347
32463
12494
3069
13535
8474
9526
1577
1134
11122
352
19796
13363
17299
7400
16440
14157
8757
22391
25199
23357
5601
24642
5607
27535
10242
5843
2192
14525
6207
26892
10839
1616
8712
21097
16216
9288
16495
24709
25167
14270
25658
24800
2896
30408
20534
7135
28345
23453
4046
16660
18532
4857
15323
26816
26401
10691
446
20118
3171
15854
8365
10690
29753
13981
20810
17962
6528
18314
19322
17140
2648
17320
24180
6728
24788
775
20248
22103
13302
24568
28803
6044
5338
3955
10976
20577
27697
22709
25728
22918
19441
28717
302
17534
2379
31129
27580
3738
13022
30061
24034
6538
14122
7540
23113
3361
20295
29881
3298
1624
470
3752
1404
14230
21049
20849
150
24110
28671
14253
12913
12585
31394
21828
18538
11591
11637
9102
5255
25152
2008
22712
5968
9551
17838
20074
23520
19697
15377
15270
23099
23019
28228
17908
21474
12682
28392
11708
24229
19758
24947
6643
4537
778
12255
18169
2314
19493
18591
7362
13010
11172
30935
28725
7019
6988
14028
29649
11106
8515
28826
7062
3020
29462
13093
30755
9437
18944
15697
19740
27318
19562
21366
26318
27775
12462
26382
29462
22966
32032
26289
24958
29126
2383
19012
3754
4572
9352
12141
16115
21750
1436
6729
11345
31293
26595
11874
11134
1428
31105
29659
11352
20081
32488
31982
6536
28907
20383
32665
23393
21781
4161
14227
522
16523
19912
9349
23264
9802
24075
30839
29974
10437
10630
19080
22942
565
16986
25059
31309
18224
27796
11502
7226
14205
31666
14533
16743
4391
10596
15590
21923
6608
18831
3886
8878
21064
32663
5124
20383
2142
22750
32468
28547
15094
28808
30399
25415
1116
130
29584
4824
32472
962
26354
16776
22403
19920
1505
436
856
15237
18015
2979
19086
24850
25960
31666
7718
22853
2343
15278
27584
6664
21354
7042
25522
29227
30804
23826
25947
5219
11601
14182
1461
21394
1103
5387
25642
29768
1836
4534
16809
14218
10090
31531
3576
723
22058
22877
24396
18777
22616
16855
2071
6801
11043
31322
16161
31221
3248
11976
3546
25605
32015
15936
30959
9356
19310
25483
5915
25124
908
15543
2624
764
20337
30209
3766
20185
8541
7161
5346
29275
14846
22752
6411
18306
24293
8533
11626
1904
21819
5169
27264
18801
29872
4527
14765
29496
26293
19920
11773
32364
26091
25085
24389
14179
4571
8686
31599
22829
10983
14284
530
10964
19072
19346
24134
482
27546
14777
21174
20004
22365
7444
27638
4782
18974
12281
27927
28703
25741
18593
27257
9254
15664
29905
1761
8773
9744
30906
1739
10709
31410
13599
11778
32075
2632
14517
7021
7865
29225
207
5932
13720
31871
11578
1764
452
22335
11110
31830
32712
14175
7367
4663
8796
15427
31867
2875
17708
10104
18477
26484
15579
15524
12345
25562
10312
23997
4881
6187
26384
14202
18399
9973
22868
4615
31852
13296
19644
6653
10816
5266
15035
13713
26379
28382
15381
14860
5187
14973
21919
5499
12815
22543
582
16551
22884
12995
7763
3399
8557
8229
6126
9333
29745
29240
2272
18783
5744
28613
7581
13375
26317
9970
28033
6541
6195
19990
10330
12658
27505
9932
15655
21377
11303
5959
24095
31394
29926
28133
1525
17742
32403
774
25179
17922
32524
11550
18373
14317
23310
15113
4719
27628
12119
26783
6305
441
29959
393
4658
16736
17740
9811
6475
10482
62
26561
10349
636
23304
11367
14773
5690
6473
5236
27487
19721
30138
20431
19850
22299
32272
6757
15674
10990
26148
21185
28835
28799
5713
24285
6309
11451
31005
21303
15251
16694
19484
4136
11576
5151
30738
18801
18460
29812
13400
11287
19459
3698
31105
5746
1463
1104
1852
5760
9223
32556
380
8831
24080
19526
26839
16314
20155
23148
29228
2979
10631
11189
393
23330
11401
3954
19532
25645
29617
14434
26248
9625
4430
805
16298
303
4052
243
21084
15363
16605
6798
2985
22785
32111
24437
11618
457
15229
21851
12225
29117
7344
23511
26189
5975
23143
30813
27645
24513
13052
7789
6816
24735
15433
18442
4476
21551
16234
29294
3894
7061
453
21244
8946
15216
8008
22646
30906
1713
23026
19568
17700
27565
661
10501
5167
6001
24282
30408
32623
25429
12421
18173
3946
16596
16890
7690
19521
6042
7168
25128
16787
18911
18630
8798
31134
21236
18468
18864
13223
13339
6434
4756
22940
9116
31934
20133
30969
12821
21994
22171
17128
23058
19157
13947
22444
11741
2923
27147
24895
6040
24863
15753
16698
24456
27624
9884
22006
27828
12425
10635
6897
29615
23574
7853
10355
1970
24756
27681
22129
16877
20384
1982
1713
29471
5235
21837
23087
4965
30116
13558
21952
25679
32334
22009
14837
31033
13619
8607
4674
6617
17666
21103
16223
13076
31189
2980
239
18966
14334
1247
16992
9633
20483
7706
12050
8613
21479
28637
20923
24850
20907
11188
17162
20970
5909
24800
11146
14234
25264
31053
7370
12170
9748
708
1467
25587
15719
6242
18009
24817
16420
73
9869
16345
20251
20885
13394
7372
954
13970
19736
2700
25738
7980
22117
30863
764
30630
27074
16210
9830
14223
30677
18160
10313
23794
9931
31731
26069
10190
28665
1642
27311
10693
16578
30524
14577
32280
8891
24507
21107
15827
12045
1916
26441
1093
20763
13415
19852
6067
7269
14602
9822
2638
14764
15666
21544
26465
12120
29885
9766
16591
2326
14506
23846
12477
8901
13938
28044
9100
6803
10651
8858
32266
11875
21386
1774
29673
2163
9625
13900
8816
16187
20841
31902
17264
3224
13178
26169
3194
41
19448
9570
3663
12537
14808
28945
10392
12895
27684
16629
26071
20515
32147
2743
21406
21986
28253
25731
11007
26036
12365
12485
23875
8715
14616
14128
22750
11999
3821
20229
6819
19976
845
32402
24373
6891
4125
13305
2238
10584
2810
31538
3299
2995
8908
21843
32503
1106
23454
5391
2670
26151
31917
25725
29077
26783
9406
22555
25729
29385
30901
13075
17477
8635
8292
16573
9833
3634
1441
26468
11415
5496
2459
22605
1174
10635
9326
245
9341
27771
8948
8603
5920
6932
30430
11518
27855
2749
19716
21864
9280
16032
24058
27371
8137
22539
11492
28395
31442
26134
10379
221
21387
22663
25264
2125
23770
6642
20896
16422
19608
5413
20488
1838
31228
10691
20235
6608
16471
21550
28306
6430
31234
3242
28643
790
10133
8640
13942
36
5978
4577
19203
10729
8450
10316
5344
12091
18838
24882
15754
31085
25520
22807
29314
14032
32746
19323
31066
28281
16791
25786
18959
325
27569
27441
9113
15387
14867
930
20161
24433
23272
5337
819
16402
7268
3728
8916
25886
8882
6033
16213
18258
14893
26394
7689
5513
6610
19845
11763
8835
