23994
20986
27964
1827
15191
2604
18382
2875
7147
10536
4856
29342
18266
19789
20851
23477
11969
32343
6870
13127
12565
28536
9564
10038
4871
10155
7400
12649
11819
1093
27462
20233
7002
18892
21940
14320
23637
14093
5025
10846
18602
20073
17076
7918
16860
18800
23568
30921
29374
27313
3799
1562
7712
8655
9196
25794
16557
13784
20222
8012
2580
27091
4290
5667
29030
20376
3711
2306
26815
15589
720
21677
29737
5805
11174
14559
10173
26291
22924
14979
20748
28504
1071
30246
20413
12721
2077
30381
24951
6621
29133
25667
25857
17814
31200
8086
22695
6405
5798
7491
6112
5595
18148
5518
7215
10397
31188
23639
17735
24639
14446
30026
27762
17397
29670
14421
18227
15174
7542
6751
23850
15458
27485
28215
5433
13493
28456
12746
7653
24508
24880
15258
13567
24
17764
23659
4739
12001
19784
18751
31424
13628
6974
24965
15289
9264
19205
9614
6604
7861
25471
28992
28561
2574
5559
20238
1285
6233
27938
30504
25064
24933
21797
20206
8035
32195
6104
31915
31982
22560
14858
25472
15473
10450
22661
7070
2473
20400
27282
15032
28878
39
3520
185
10355
29578
16098
15538
12973
5546
9303
32278
6519
24487
19854
26153
19029
21765
3016
11702
21816
22274
18464
13056
4770
16935
31433
9212
29962
2590
10136
6333
2434
18371
962
12848
27543
28029
10470
4361
12409
5583
31054
14589
3420
8234
6514
13362
15645
4102
8893
2804
26921
25137
29588
25513
6555
19558
16533
24327
28836
6945
19228
1156
13616
8626
24844
21262
28870
28816
2508
18941
9392
17905
1167
32326
23133
27799
31705
4081
4867
31981
4671
5069
23176
13394
11374
17762
419
22197
7278
5415
17215
20066
4648
26357
22816
32283
29990
5308
17352
31083
2971
2421
18844
5943
4771
2135
28995
4758
11211
29774
31567
11747
17364
11177
7967
3088
22196
19474
3843
13372
13534
29380
1954
29576
11715
19704
28313
4391
17305
3232
17509
2229
19547
5464
28035
16074
9233
30106
5845
25550
21585
49
14664
30991
21766
6640
180
11280
19056
4003
6660
31781
25708
2118
11414
24124
17142
26485
741
21246
1004
13348
9829
8983
24084
22416
29358
13777
28001
18549
25565
13800
5234
30338
9271
30874
5980
2570
7440
23293
21417
19452
3820
2453
14753
18965
29923
26150
27336
2900
14154
32711
8615
26799
29071
20792
18127
24068
20325
14709
22300
26450
17697
25227
32567
15913
10084
2731
4190
2911
26107
25469
12904
24837
28163
31670
30467
4249
30545
26349
12865
12669
16657
6059
15443
27560
428
8129
148
23196
3568
19166
32201
7320
31595
18272
7078
25102
16919
20843
31125
4439
8509
5176
6836
21158
19347
13744
4892
6203
7847
16442
6761
30425
27009
24273
10103
25209
1668
8025
31081
9024
19606
12083
12784
5807
7041
17935
25802
4378
1944
13057
16520
29531
26781
16344
13461
18631
20450
24235
14452
353
10671
21940
6217
7246
3556
23905
27291
22153
991
25769
4952
12760
15776
28573
30745
26623
3627
17471
18856
7731
7982
22934
1728
27857
10724
15618
7187
3920
14137
25038
17809
20597
11055
3844
5352
1733
8064
24453
16711
13632
20869
2136
9320
9292
10070
22851
2253
1776
4147
11160
11594
66
17443
13138
8643
7459
9946
26208
24887
5673
20960
28225
19709
28125
2544
22481
27982
16167
9119
30051
6916
20486
6974
9999
30369
15492
25600
32078
20627
19946
12896
27076
26295
21040
17853
29276
6939
1975
30023
6810
2056
28987
1055
30509
5440
9731
186
8132
29316
29274
13191
29475
7001
23619
24785
24950
18444
24681
25062
12517
28660
31573
22905
28776
16631
21219
1861
3293
12367
5111
32499
15448
2190
22636
17982
13242
6368
10573
7765
23173
27025
29000
31872
28910
6607
29535
30215
23604
19120
6625
9040
3377
15223
12697
15943
13615
31507
25925
2
15612
21224
3402
422
12865
20178
10149
9348
7951
1639
3109
17800
32699
2941
12503
16340
19180
8685
4802
680
16370
9366
5845
16005
28505
15268
30494
28050
12734
18450
4157
15166
226
10349
8983
3879
26365
15067
24271
16187
30805
16477
18162
11548
2830
1361
18929
21193
8516
29499
7125
636
14679
28612
10542
24014
30854
11523
13900
18465
25536
20220
32434
22591
6838
2662
26824
3391
18741
8370
8656
19113
17075
23880
13851
24538
31784
30740
31101
7849
22559
321
21502
17738
30988
14916
18130
16243
3552
29
15756
702
19675
10969
32654
2639
4257
1628
21956
13750
19345
18525
14482
3862
17746
10162
6666
15495
22190
30926
8291
8378
6052
29576
25766
28380
13240
1566
2475
13756
22670
22905
16196
9775
29367
27314
1464
6324
11467
24022
17779
5716
25784
28134
3835
26828
2905
7714
5926
30190
8779
4231
17291
27205
19452
9623
23350
30456
8708
18776
12192
9968
17849
4511
20958
3901
24317
4494
10264
24246
32091
1628
30525
4320
3923
16724
13557
18450
25585
29473
13783
4822
27301
15432
3037
8337
9550
9974
10516
10599
152
28156
6808
3417
1672
13592
28608
28336
8021
5750
8598
19359
21626
10614
3722
23332
18953
26288
24167
12591
25154
3382
25221
28166
16228
27928
17985
31976
6083
15150
9130
9712
4123
21009
20605
30525
4132
1131
30548
18768
17766
25713
20762
25269
18511
9389
4802
32486
6019
30209
25400
15468
23923
1769
28056
13895
13361
2048
25503
19600
23427
22982
1119
24669
5430
18336
31542
1765
7092
29728
11008
30693
26329
23175
14732
15170
13059
2440
28493
23023
32360
31567
16210
5649
28845
11970
2936
28257
24756
26119
30943
28882
27829
11846
26778
8309
22672
5296
26795
29337
9825
11456
12590
10038
7509
19392
468
140
12989
7568
29587
7687
2401
30371
4764
32358
31511
1866
21646
27932
24724
21557
16105
24310
2945
6198
20933
511
9938
29513
2756
1185
29011
2770
5189
22540
1667
32549
29914
29148
10662
23115
21245
20725
18198
23556
8446
18866
8154
18184
17728
23872
21369
5010
4773
8260
15376
11039
9543
29892
20643
4467
30569
6980
433
7902
17069
24367
17419
12221
391
25209
15846
27971
9457
19587
18990
4986
21088
24639
17949
22660
15863
15764
23821
22823
29947
20996
18058
11913
11400
15500
10924
4407
26754
10443
8355
11628
3789
25959
31636
3217
15041
14765
22948
14336
25816
